14 16 1
15 16 1
15 17 1
16 18 1
17 18 1
18 19 1
20 22 1
21 22 1
21 23 1
23 24 1
22 24 1
24 25 1
0 2 1
1 2 1
1 3 1
4 4 1
4 5 1
2 5 1
3 5 1
5 6 1
7 9 1
8 9 1
8 10 1
11 11 1
9 12 1
11 12 1
10 12 1
12 13 1
42 43 1
41 43 1
42 44 1
43 44 1
44 45 1
37 38 1
36 38 1
38 39 1
37 39 1
39 40 1
32 33 1
31 33 1
33 34 1
32 34 1
34 35 1
26 28 1
27 28 1
28 29 1
27 29 1
29 30 1
? 0 0 0

4 5 2
7 8 2
9 10 2
5 12 1
10 12 1
11 12 2
26 27 2
30 31 1
29 31 2
30 33 1
29 33 2
40 43 1
42 43 2
44 46 1
45 46 2
29 49 2
26 56 2
59 60 1
58 60 2
58 63 2
58 67 2
12 70 1
5 70 1
69 70 2
58 71 2
2 6 2
29 30 2
35 37 2
35 38 2
38 39 1
35 39 2
42 40 2
37 41 1
42 41 2
45 44 2
58 59 2
1 2 2
2 3 2
3 4 2
6 7 1
2 7 2
7 9 2
5 11 1
9 11 2
6 13 1
7 13 2
0 14 1
2 14 2
0 15 1
1 15 2
17 18 1
16 18 1
16 19 1
17 19 1
18 19 2
20 21 1
22 23 1
24 25 1
22 25 1
27 28 1
24 28 1
22 28 1
26 28 2
26 29 2
31 32 1
29 32 2
33 34 1
29 34 2
0 35 1
29 35 2
30 36 1
35 36 2
40 42 1
41 42 1
35 42 2
39 45 1
44 45 1
42 45 2
37 47 1
46 47 1
38 47 1
43 47 1
45 47 2
29 48 2
49 50 1
29 50 2
29 51 2
0 52 1
29 52 2
52 53 2
26 54 2
0 55 1
54 55 2
56 57 1
24 57 1
22 57 1
26 57 2
26 58 2
60 61 1
58 61 2
59 62 1
58 62 2
63 64 1
58 64 2
0 65 1
58 65 2
59 66 1
65 66 2
67 68 1
58 68 2
68 69 2
71 72 1
58 72 2
74 77 1
76 77 2
76 74 2
73 75 1
76 75 2
75 76 1
74 76 1
? 1 1 1

85 83 1
84 83 2
59 64 2
59 65 2
59 79 2
59 77 2
76 66 2
63 74 1
62 74 2
61 73 1
60 73 2
73 71 1
74 71 1
75 71 1
69 71 1
72 71 2
71 67 1
70 67 1
77 67 1
78 67 1
76 67 2
67 68 1
66 68 1
76 75 2
77 63 1
78 63 1
76 63 2
77 61 1
78 61 1
62 61 2
76 69 2
76 70 2
58 59 2
77 76 1
78 76 1
63 62 1
76 62 2
61 60 1
62 60 2
69 72 1
73 72 1
74 72 1
75 72 1
76 72 2
1 6 1
18 12 1
18 11 1
5 8 2
5 4 2
5 9 2
13 15 1
10 7 1
6 0 1
1 18 1
4 17 1
5 2 2
10 3 1
10 14 1
14 13 1
17 16 1
110 109 1
19 20 2
47 48 2
48 49 2
81 80 2
81 82 2
24 23 1
22 23 2
23 26 1
21 26 1
22 26 2
21 25 1
22 24 2
24 22 1
21 22 1
33 32 1
31 32 2
35 30 1
32 30 1
31 30 2
36 27 1
35 36 1
28 29 1
36 29 1
31 33 2
35 34 1
36 31 1
33 31 1
103 105 2
108 101 1
96 101 2
97 99 2
107 102 1
100 108 1
96 108 2
107 106 1
104 103 1
100 98 1
107 98 1
100 97 1
96 97 2
54 53 1
52 53 1
57 56 1
55 56 2
56 51 1
55 51 2
53 50 1
55 57 2
57 55 1
53 55 1
91 90 1
89 90 2
94 93 1
92 93 2
87 88 1
89 88 2
95 95 1
89 91 2
92 94 2
91 89 1
95 89 1
94 92 1
90 92 1
89 92 2
93 86 1
90 86 1
92 86 2
44 43 1
42 43 2
45 46 1
37 46 1
46 46 1
41 40 1
41 39 1
46 38 1
40 38 1
39 38 1
42 44 2
44 42 1
38 42 1
? 1 1 1

71 73 1
72 73 2
76 78 1
77 78 2
78 80 1
76 80 1
53 80 1
74 80 2
54 55 2
55 56 1
54 56 2
68 69 2
69 71 1
70 71 2
74 75 2
75 76 1
74 76 2
53 81 1
56 57 1
54 57 2
56 58 1
54 58 2
56 59 1
54 59 2
56 60 1
54 60 2
56 61 1
54 61 2
56 62 1
54 62 2
56 63 1
54 63 2
56 64 1
54 64 2
56 65 1
54 65 2
56 66 1
54 66 2
56 67 1
54 67 2
69 70 1
68 70 2
71 72 1
70 72 2
76 77 1
74 77 2
78 79 1
76 79 1
74 79 2
82 86 1
85 86 2
88 90 1
89 90 2
82 105 1
104 105 2
107 109 1
108 109 2
82 88 1
87 88 2
91 93 2
93 94 1
91 94 2
93 95 1
91 95 2
90 96 1
86 96 1
84 96 1
94 96 1
95 96 1
93 96 1
91 96 2
94 97 1
82 97 1
93 97 1
95 97 1
91 97 2
93 98 1
91 98 2
82 99 1
94 99 1
91 99 2
91 100 2
91 101 2
94 102 1
101 102 1
100 102 1
91 102 2
82 107 1
106 107 2
110 112 2
112 113 1
110 113 2
112 114 1
110 114 2
113 115 1
114 115 1
82 115 1
112 115 1
110 115 2
113 116 1
109 116 1
105 116 1
103 116 1
112 116 1
114 116 1
110 116 2
112 117 1
110 117 2
109 118 1
105 118 1
103 118 1
113 118 1
110 118 2
110 119 2
110 120 2
120 121 1
113 121 1
119 121 1
110 121 2
82 83 1
82 85 1
82 87 1
85 87 2
88 89 1
87 89 2
90 91 1
86 91 1
84 91 1
91 92 2
82 104 1
82 106 1
104 106 2
107 108 1
106 108 2
109 110 1
105 110 1
103 110 1
110 111 2
161 162 1
130 132 1
131 132 2
135 143 1
141 143 1
142 143 2
134 145 1
144 145 2
147 148 1
146 148 2
135 156 1
153 156 1
155 156 1
154 156 2
124 123 2
123 125 1
124 125 2
125 127 1
124 127 2
127 129 1
124 129 2
129 130 1
124 130 2
134 135 1
140 139 2
139 141 1
140 141 2
134 147 1
146 147 2
134 149 1
152 151 2
151 153 1
152 153 2
153 155 1
154 155 2
158 160 1
135 160 1
159 160 1
123 124 1
125 126 1
124 126 2
127 128 1
124 128 2
122 131 1
124 131 2
122 133 1
130 133 1
131 133 2
139 140 1
138 142 1
140 142 2
136 144 1
140 144 2
137 146 1
144 146 2
151 152 1
150 154 1
152 154 2
149 157 1
152 157 2
18 27 1
23 27 1
17 27 1
24 27 1
18 29 1
17 29 1
27 29 1
23 29 1
28 29 2
25 30 1
23 30 1
18 30 1
17 30 1
28 30 2
29 35 1
27 35 1
23 35 1
33 35 1
18 35 1
34 35 2
23 36 1
30 36 1
25 36 1
18 36 1
33 36 1
34 36 2
22 38 1
35 38 1
29 38 1
27 38 1
37 38 2
22 40 1
36 40 1
30 40 1
25 40 1
39 40 2
41 42 2
43 44 2
45 46 2
47 48 2
17 18 1
17 20 1
17 22 1
22 23 1
17 26 1
26 31 1
32 31 2
31 33 1
32 33 2
22 49 1
51 52 1
50 52 1
23 52 1
18 19 1
20 21 1
17 28 1
31 32 1
33 34 1
32 34 2
35 37 1
29 37 1
27 37 1
17 37 1
36 39 1
30 39 1
25 39 1
17 39 1
18 41 1
18 43 1
41 43 2
18 45 1
43 45 2
18 47 1
45 47 2
11 12 2
12 13 1
15 16 1
10 11 2
12 14 1
224 226 1
225 226 1
225 227 1
226 228 1
227 228 1
228 229 1
230 231 1
233 234 1
232 234 1
233 235 1
233 236 1
236 237 1
235 237 1
234 237 1
237 238 1
238 239 1
240 239 2
239 241 1
240 241 2
243 244 1
239 240 1
241 242 1
240 242 2
164 165 1
163 165 1
164 166 1
165 167 1
166 167 1
167 168 1
169 170 1
171 173 1
172 173 1
172 174 1
173 175 1
174 175 1
175 176 1
177 178 1
179 181 1
180 181 1
180 182 1
183 183 1
183 184 1
181 184 1
182 184 1
184 185 1
186 187 1
188 190 1
189 190 1
189 191 1
192 192 1
190 193 1
192 193 1
191 193 1
193 194 1
195 196 1
197 199 1
198 199 1
198 200 1
201 201 1
200 202 1
199 202 1
201 202 1
202 203 1
204 205 1
207 208 1
206 208 1
207 209 1
210 210 1
209 211 1
208 211 1
210 211 1
211 212 1
213 214 1
216 217 1
215 217 1
216 218 1
219 219 1
218 220 1
219 220 1
217 220 1
220 221 1
222 223 1
3 5 1
3 6 1
4 7 1
0 1 1
0 2 1
8 9 1
349 350 1
348 350 1
351 352 1
353 355 1
354 355 1
356 357 1
359 360 1
358 360 1
361 362 1
245 247 1
246 247 1
299 300 1
298 300 1
301 302 1
308 310 1
309 310 1
311 312 1
314 315 1
313 315 1
316 317 1
319 320 1
318 320 1
321 322 1
323 325 1
324 325 1
326 327 1
328 330 1
329 330 1
331 332 1
333 335 1
334 335 1
336 337 1
339 340 1
338 340 1
341 342 1
343 345 1
344 345 1
346 347 1
248 250 1
249 250 1
251 252 1
253 255 1
254 255 1
256 257 1
259 260 1
258 260 1
261 262 1
264 265 1
263 265 1
266 267 1
269 270 1
268 270 1
271 272 1
273 275 1
274 275 1
276 277 1
279 280 1
278 280 1
281 282 1
283 285 1
284 285 1
286 287 1
288 290 1
289 290 1
291 292 1
294 295 1
293 295 1
296 297 1
304 305 1
303 305 1
306 307 1
368 369 1
364 365 1
363 365 1
365 366 1
365 367 1
366 367 1
375 376 1
371 372 1
370 372 1
372 373 1
372 374 1
373 374 1
382 383 1
378 379 1
377 379 1
379 380 1
379 381 1
380 381 1
389 390 1
384 386 1
385 386 1
386 387 1
386 388 1
387 388 1
392 393 1
391 393 1
393 394 1
394 395 1
393 395 1
395 396 1
396 397 1
399 400 1
398 400 1
400 401 1
401 402 1
400 402 1
402 403 1
403 404 1
? 1 1 1

0 4 1
5 9 1
5 10 1
11 15 1
11 16 1
10 18 1
16 18 1
17 18 2
10 19 1
17 19 2
16 21 1
10 21 1
20 21 2
16 22 1
20 22 2
20 23 2
20 26 2
30 37 1
29 37 1
31 37 1
32 37 1
20 37 2
37 38 1
21 38 1
18 38 1
0 1 1
0 2 1
4 5 1
4 11 1
23 24 1
20 24 2
23 25 1
20 25 2
26 27 1
20 27 2
26 28 1
20 28 2
10 29 1
20 29 2
16 30 1
20 30 2
10 31 1
20 31 2
16 32 1
20 32 2
2 6 1
3 7 1
6 7 2
6 8 2
1 12 1
3 13 1
12 13 2
12 14 2
1 17 1
2 20 1
17 20 2
25 33 1
20 33 2
28 34 1
20 34 2
24 35 1
20 35 2
27 36 1
20 36 2
39 42 1
41 42 2
43 46 1
45 46 2
46 48 1
43 48 1
47 48 2
48 50 1
46 50 1
43 50 1
49 50 2
50 52 1
48 52 1
46 52 1
43 52 1
51 52 2
39 44 1
40 44 1
40 41 1
39 41 1
44 45 1
44 47 1
44 49 1
50 51 1
48 51 1
46 51 1
43 51 1
? 1 1 1

0 1 1
2 3 1
3 4 1
4 5 1
6 7 1
8 9 1
9 10 1
10 11 1
12 13 1
14 15 1
15 16 1
16 17 1
18 19 1
20 21 1
21 22 1
22 23 1
25 32 1
28 32 2
35 37 1
36 37 2
32 38 1
27 38 1
37 38 1
36 38 2
34 39 1
33 39 2
41 45 1
44 45 2
45 49 1
41 49 1
48 49 2
51 53 1
52 53 1
46 53 2
58 60 1
59 60 2
62 64 1
56 64 2
53 66 1
50 66 1
65 66 2
76 78 1
77 78 2
80 82 1
79 82 1
81 82 2
78 83 1
81 83 2
75 84 1
71 84 2
88 90 1
89 90 2
85 91 1
90 91 1
89 91 2
87 92 1
86 92 2
25 27 1
26 27 2
28 29 2
29 30 1
24 30 1
25 30 1
28 30 2
32 34 1
27 34 1
33 34 2
36 35 2
40 41 1
42 43 2
46 47 2
46 50 2
46 51 2
46 52 2
46 55 2
56 57 2
56 58 2
56 62 2
56 63 2
66 68 1
64 68 1
55 68 1
67 68 2
66 70 1
64 70 1
55 70 1
68 70 1
69 70 2
70 72 1
66 72 1
64 72 1
55 72 1
68 72 1
71 72 2
72 73 1
45 73 1
41 73 1
71 73 2
73 74 1
71 74 2
74 75 1
71 75 2
77 76 2
73 79 1
78 79 1
77 79 2
79 80 1
77 80 2
40 85 1
46 85 2
45 87 1
41 87 1
86 87 2
89 88 2
25 26 1
27 28 1
26 28 2
30 31 1
28 31 2
32 33 1
27 33 1
26 33 2
32 36 1
27 36 1
35 36 1
33 36 2
43 44 1
42 44 2
45 46 1
41 46 1
47 48 1
46 48 2
53 54 1
46 54 2
53 56 1
50 56 1
46 56 2
58 59 1
56 59 2
60 61 1
57 61 1
56 61 2
53 65 1
50 65 1
56 65 2
66 67 1
64 67 1
55 67 1
46 67 2
68 69 1
67 69 2
70 71 1
69 71 2
76 77 1
74 77 1
71 77 2
80 81 1
77 81 2
85 86 1
45 86 1
41 86 1
46 86 2
88 89 1
45 89 1
41 89 1
86 89 2
94 97 1
96 97 2
95 99 1
93 99 2
93 100 2
100 103 1
99 103 1
102 103 2
105 107 1
106 107 2
107 108 1
103 108 1
101 108 1
106 108 2
103 110 1
101 110 1
106 110 2
113 115 1
114 115 2
117 120 1
116 120 2
121 123 1
122 123 2
110 124 1
108 124 1
120 124 1
123 124 1
119 124 1
116 124 2
93 94 2
93 95 2
104 105 1
112 113 2
110 117 1
108 117 1
116 117 2
117 119 1
116 119 2
119 121 1
110 121 1
108 121 1
116 121 2
94 96 1
93 96 2
97 98 1
96 98 2
105 106 1
108 109 1
106 109 2
111 112 1
111 114 1
112 114 2
115 116 1
113 116 1
112 116 2
117 118 1
116 118 2
121 122 1
116 122 2
? 1 1 1

0 1 2
4 5 2
2 6 1
3 6 1
4 6 2
3 7 1
4 7 2
7 8 1
2 8 1
4 8 2
7 9 1
2 9 1
4 9 2
7 10 1
2 10 1
4 10 2
10 11 1
7 11 1
2 11 1
4 11 2
15 17 2
18 20 1
19 20 2
16 21 1
19 21 2
23 24 2
25 27 1
26 27 2
14 28 1
26 28 2
3 29 1
17 29 1
2 29 1
14 29 1
4 29 2
3 30 1
4 30 2
29 31 1
17 31 1
30 31 1
2 31 1
4 31 2
30 32 1
2 32 1
31 32 1
17 32 1
4 32 2
30 33 1
2 33 1
4 33 2
32 34 1
33 34 1
30 34 1
2 34 1
17 34 1
4 34 2
3 14 1
4 14 2
14 16 1
15 16 2
19 18 2
26 25 2
3 4 1
0 4 2
4 12 2
12 13 2
4 15 2
18 19 1
15 19 2
14 23 1
22 23 1
15 23 2
25 26 1
23 26 2
4 35 2
35 36 2
37 38 2
41 42 2
39 43 1
40 43 1
41 43 2
40 44 1
41 44 2
44 45 1
39 45 1
41 45 2
44 46 1
39 46 1
41 46 2
44 47 1
39 47 1
41 47 2
47 48 1
44 48 1
39 48 1
41 48 2
52 54 2
55 57 1
56 57 2
53 58 1
56 58 2
60 61 2
62 64 1
63 64 2
51 65 1
63 65 2
40 66 1
54 66 1
39 66 1
51 66 1
41 66 2
40 67 1
41 67 2
66 68 1
54 68 1
67 68 1
39 68 1
41 68 2
54 69 1
68 69 1
67 69 1
39 69 1
41 69 2
67 70 1
39 70 1
41 70 2
54 71 1
70 71 1
67 71 1
39 71 1
69 71 1
41 71 2
40 51 1
41 51 2
51 53 1
52 53 2
56 55 2
63 62 2
40 41 1
37 41 2
41 49 2
49 50 2
41 52 2
55 56 1
52 56 2
51 60 1
59 60 1
52 60 2
62 63 1
60 63 2
41 72 2
72 73 2
74 75 2
78 79 2
76 80 1
77 80 1
78 80 2
77 81 1
78 81 2
81 82 1
76 82 1
78 82 2
81 83 1
76 83 1
78 83 2
81 84 1
76 84 1
78 84 2
84 85 1
81 85 1
76 85 1
78 85 2
89 91 2
92 94 1
93 94 2
90 95 1
93 95 2
97 98 2
99 101 1
100 101 2
88 102 1
100 102 2
91 103 1
88 103 1
77 103 1
76 103 1
78 103 2
77 104 1
78 104 2
91 105 1
103 105 1
104 105 1
76 105 1
78 105 2
91 106 1
104 106 1
76 106 1
105 106 1
78 106 2
104 107 1
76 107 1
78 107 2
106 108 1
107 108 1
104 108 1
76 108 1
91 108 1
78 108 2
77 88 1
78 88 2
88 90 1
89 90 2
93 92 2
100 99 2
77 78 1
74 78 2
78 86 2
86 87 2
78 89 2
92 93 1
89 93 2
88 97 1
96 97 1
89 97 2
99 100 1
97 100 2
78 109 2
109 110 2
? 1 1 1

2 3 1
5 6 2
5 7 2
6 8 1
4 8 1
7 8 1
5 8 2
0 1 1
4 5 1
? 0 0 0

0 1 2
7 8 2
1 2 1
0 2 2
0 3 2
3 4 2
3 5 2
5 6 2
5 7 2
8 9 1
7 9 2
? 1 1 1

0 1 1
? 1 1 1

74 72 1
73 72 2
48 53 2
48 54 2
48 68 2
48 66 2
65 55 2
52 63 1
51 63 2
50 62 1
49 62 2
58 60 1
62 60 1
63 60 1
64 60 1
61 60 2
60 56 1
59 56 1
66 56 1
67 56 1
65 56 2
56 57 1
55 57 1
65 64 2
66 52 1
67 52 1
65 52 2
66 50 1
67 50 1
51 50 2
65 58 2
65 59 2
47 48 2
66 65 1
67 65 1
52 51 1
65 51 2
50 49 1
51 49 2
62 61 1
63 61 1
64 61 1
58 61 1
65 61 2
1 5 1
15 11 1
15 10 1
4 7 2
4 3 2
4 8 2
12 14 1
9 6 1
5 0 1
1 15 1
3 17 1
9 2 1
9 13 1
13 12 1
17 16 1
99 98 1
18 19 2
36 37 2
37 38 2
70 69 2
70 71 2
23 22 1
21 22 2
22 25 1
20 25 1
21 25 2
20 24 1
21 23 2
23 21 1
20 21 1
32 31 1
30 31 2
34 29 1
35 29 1
31 29 1
30 29 2
34 35 1
35 35 1
27 28 1
26 28 1
35 28 1
30 32 2
34 33 1
32 30 1
35 30 1
92 95 2
97 90 1
85 90 2
86 88 2
96 91 1
89 97 1
85 97 2
94 92 1
95 93 1
94 93 1
96 93 1
89 87 1
96 87 1
89 86 1
85 86 2
43 42 1
41 42 1
46 45 1
44 45 2
45 40 1
44 40 2
42 39 1
44 46 2
46 44 1
42 44 1
80 79 1
78 79 2
83 82 1
81 82 2
76 77 1
78 77 2
84 84 1
78 80 2
81 83 2
80 78 1
84 78 1
83 81 1
79 81 1
78 81 2
79 75 1
82 75 1
81 75 2
138 141 1
140 141 1
138 140 1
140 139 1
146 148 1
148 147 1
137 136 1
100 101 1
103 101 1
102 101 2
103 102 1
120 128 2
121 129 2
124 122 1
123 122 2
123 131 2
122 126 1
123 126 2
131 135 1
130 135 2
122 133 1
123 133 2
123 127 2
133 134 1
123 134 2
124 123 1
126 125 1
123 125 2
131 130 1
123 130 2
133 132 1
123 132 2
122 120 1
123 120 2
122 121 1
120 121 2
104 112 2
106 110 2
105 111 2
108 114 2
107 109 2
107 113 2
118 116 1
117 116 2
113 118 1
109 118 1
114 118 1
111 118 1
110 118 1
112 118 1
119 104 1
119 106 1
104 106 2
119 105 1
106 105 2
119 108 1
105 108 2
119 107 1
108 107 2
118 117 1
117 115 2
145 143 1
144 143 2
145 144 1
144 142 2
? 1 1 1

0 1 1
1 2 1
3 4 2
3 5 2
? 0 0 0

42 44 1
43 44 2
35 45 1
44 45 1
43 45 2
0 1 2
0 2 2
0 3 2
0 4 2
4 5 1
0 5 2
5 6 1
0 6 2
5 7 1
0 7 2
0 8 2
0 19 2
0 24 2
4 25 1
0 25 2
0 26 2
4 27 1
0 27 2
0 29 2
0 35 2
0 36 2
35 40 1
0 40 2
40 41 1
0 41 2
43 42 2
0 46 2
0 47 2
0 48 2
0 49 2
0 50 2
0 51 2
4 9 1
0 9 2
4 10 1
0 10 2
4 11 1
0 11 2
4 12 1
0 12 2
4 13 1
0 13 2
4 14 1
0 14 2
4 15 1
0 15 2
4 16 1
0 16 2
4 17 1
0 17 2
4 18 1
0 18 2
4 20 1
0 20 2
4 21 1
0 21 2
4 22 1
0 22 2
5 23 1
0 23 2
27 28 1
0 28 2
4 30 1
0 30 2
4 31 1
0 31 2
4 32 1
0 32 2
4 33 1
0 33 2
4 34 1
0 34 2
35 37 1
0 37 2
35 38 1
0 38 2
35 39 1
0 39 2
42 43 1
40 43 1
0 43 2
52 53 2
53 54 1
54 55 1
? 0 0 0

0 2 1
1 2 1
3 4 1
? 0 0 0

0 1 2
1 4 1
3 4 2
6 7 2
9 10 2
14 15 2
18 19 2
21 22 2
24 25 2
1 2 1
0 2 2
1 3 1
2 3 2
4 5 1
3 5 2
5 6 2
4 8 1
7 8 1
6 8 2
6 9 2
4 11 1
10 11 1
9 11 2
0 12 2
12 13 2
12 14 2
15 16 1
14 16 2
15 17 1
14 17 2
17 18 2
19 20 1
15 20 1
18 20 2
18 21 2
15 23 1
22 23 1
21 23 2
14 24 2
25 26 1
24 26 2
28 29 2
29 31 1
30 31 2
31 33 1
29 33 1
32 33 2
38 41 1
40 41 2
44 45 1
43 45 2
47 49 1
48 49 2
34 50 1
42 50 1
49 50 1
48 50 2
55 56 2
33 57 1
31 57 1
29 57 1
50 57 1
48 57 2
50 58 1
48 58 2
58 59 1
48 59 2
59 61 1
58 61 1
46 61 1
60 61 2
65 67 2
69 71 1
70 71 2
56 74 1
73 74 2
72 78 1
77 78 2
72 79 1
34 79 1
70 79 2
72 81 1
78 81 1
80 81 2
74 85 1
56 85 1
84 85 2
57 88 1
33 88 1
31 88 1
29 88 1
87 88 2
79 89 1
76 89 1
83 89 2
79 90 1
76 90 1
88 90 1
57 90 1
33 90 1
31 90 1
29 90 1
72 90 1
83 90 2
68 92 1
91 92 2
81 100 1
78 100 1
95 100 1
99 100 2
34 101 1
95 101 1
96 101 2
100 103 1
81 103 1
78 103 1
95 103 1
102 103 2
85 107 1
74 107 1
56 107 1
106 107 2
101 108 1
98 108 1
105 108 2
88 111 1
57 111 1
33 111 1
31 111 1
29 111 1
110 111 2
112 113 2
115 118 1
117 118 2
111 120 1
88 120 1
57 120 1
33 120 1
31 120 1
29 120 1
34 36 1
36 36 1
40 38 2
36 39 1
40 39 2
34 42 1
42 44 1
43 44 2
43 46 2
48 47 2
34 64 1
64 64 1
64 66 1
65 66 2
66 68 1
65 68 2
70 69 2
71 72 1
64 72 1
70 72 2
62 75 1
72 75 1
70 75 2
79 86 1
76 86 1
83 86 2
34 95 1
94 95 2
95 97 1
81 97 1
78 97 1
62 97 1
96 97 2
101 109 1
98 109 1
105 109 2
117 115 2
36 116 1
116 116 1
117 116 2
27 28 2
34 35 1
36 37 1
38 40 1
39 40 1
37 40 2
42 43 1
47 48 1
44 48 1
43 48 2
50 51 1
48 51 2
50 52 1
48 52 2
50 53 1
48 53 2
50 54 1
53 54 2
50 55 1
48 55 2
59 60 1
58 60 1
46 60 1
44 60 1
43 60 2
64 65 1
69 70 1
66 70 1
65 70 2
72 73 1
70 73 2
75 77 1
70 77 2
75 80 1
70 80 2
79 82 1
76 82 1
70 82 2
79 83 1
76 83 1
82 83 2
74 84 1
56 84 1
79 84 1
76 84 1
83 84 2
86 87 1
57 87 1
33 87 1
31 87 1
29 87 1
83 87 2
63 91 1
65 91 2
95 96 1
94 96 2
97 99 1
96 99 2
97 102 1
96 102 2
101 104 1
98 104 1
96 104 2
101 105 1
98 105 1
104 105 2
85 106 1
74 106 1
56 106 1
101 106 1
98 106 1
105 106 2
88 110 1
57 110 1
33 110 1
31 110 1
29 110 1
109 110 1
105 110 2
63 112 1
36 114 1
112 114 2
116 117 1
115 117 1
114 117 2
93 119 1
? 1 1 1

