0 1 1
? 0 0 0

17 19 1
18 19 2
1 2 2
2 3 1
1 3 2
2 5 1
4 5 2
7 8 2
8 10 1
9 10 2
13 14 2
14 15 1
13 15 2
14 17 1
13 17 2
0 1 2
3 4 1
2 4 1
1 4 2
5 6 1
4 6 2
0 7 2
8 9 1
7 9 2
10 11 1
9 11 2
10 12 1
8 12 1
11 12 2
7 13 2
15 16 1
13 16 2
17 18 1
13 18 2
19 20 1
18 20 2
22 25 1
21 26 1
21 22 1
22 23 1
23 24 1
? 0 0 0

1 4 1
3 4 2
0 6 1
5 6 2
7 8 2
0 1 1
0 2 1
1 3 1
1 5 1
3 5 2
? 0 0 0

0 1 2
5 7 1
6 7 2
29 33 1
31 33 2
36 39 1
38 39 2
6 5 2
7 8 1
6 8 2
8 9 1
6 9 2
9 11 1
3 11 1
10 11 2
12 13 2
14 15 2
14 16 2
14 19 2
19 21 1
13 21 1
14 21 2
14 22 2
14 24 2
24 26 1
14 26 2
26 28 1
14 28 2
14 29 2
14 30 2
28 36 1
14 36 2
14 37 2
40 41 2
41 42 1
39 42 1
37 42 1
40 42 2
42 43 1
40 43 2
43 44 1
40 44 2
44 45 1
40 45 2
47 46 2
44 48 1
46 48 1
47 48 2
48 49 1
47 49 2
48 51 1
50 51 2
51 53 1
52 53 2
51 54 1
52 54 2
2 55 1
12 55 2
55 57 1
56 57 2
57 58 1
2 58 1
56 58 2
57 59 1
56 59 2
5 6 1
3 10 1
9 10 1
6 10 2
4 12 1
13 14 1
12 14 2
15 17 1
14 17 2
15 18 1
17 18 2
16 20 1
14 20 2
22 23 1
14 23 2
1 25 1
14 25 2
26 27 1
14 27 2
28 31 1
14 31 2
30 32 1
29 32 1
31 32 2
24 34 1
14 34 2
1 35 1
14 35 2
36 38 1
14 38 2
39 40 1
37 40 1
14 40 2
45 47 1
46 47 1
40 47 2
49 50 1
47 50 2
51 52 1
50 52 2
55 56 1
12 56 2
63 64 2
61 62 1
60 62 1
62 63 1
64 65 1
62 65 1
64 66 1
62 66 1
143 145 1
144 145 2
145 146 1
143 146 1
138 146 1
142 146 2
123 148 1
122 148 2
148 149 1
136 149 1
122 149 2
120 121 2
122 123 2
122 124 2
122 125 2
122 126 2
124 128 1
127 128 2
128 129 1
127 129 2
130 130 1
129 130 1
127 130 2
130 132 1
131 132 2
121 133 1
122 133 2
133 134 1
122 134 2
134 135 1
122 135 2
135 136 1
136 136 1
122 136 2
136 138 1
137 138 2
125 139 1
138 139 1
137 139 2
126 141 1
138 141 1
137 141 2
142 143 2
134 147 1
122 147 2
149 151 1
150 151 2
123 153 1
122 153 2
121 122 1
120 122 2
124 127 1
122 127 2
130 131 1
127 131 2
136 137 1
122 137 2
139 140 1
137 140 2
141 142 1
137 142 2
126 144 1
143 144 1
142 144 2
149 150 1
122 150 2
147 152 1
151 152 1
150 152 2
67 68 1
69 70 1
84 87 1
86 87 2
84 88 1
85 88 2
92 93 1
91 93 2
96 98 1
97 98 2
90 103 1
99 103 1
102 103 2
103 104 1
99 104 1
98 104 1
97 104 2
104 105 1
97 105 2
108 110 1
109 110 2
110 111 1
109 111 2
111 113 1
110 113 1
112 113 2
111 116 1
110 116 1
113 116 1
90 116 1
115 116 2
83 84 2
88 90 1
87 90 1
84 90 1
89 90 2
91 92 2
91 94 2
91 95 2
92 96 1
97 96 2
98 99 1
92 99 1
97 99 2
91 106 2
91 107 2
109 108 2
84 85 1
83 85 2
84 86 1
85 86 2
88 89 1
87 89 1
84 89 1
83 89 2
89 91 2
96 97 1
91 97 2
99 100 1
97 100 2
98 101 1
97 101 2
90 102 1
99 102 1
101 102 2
108 109 1
91 109 2
111 112 1
109 112 2
113 114 1
112 114 2
110 115 1
90 115 1
114 115 2
71 75 1
74 75 2
71 73 1
72 73 2
71 72 1
73 74 1
72 74 2
75 76 1
73 76 1
72 76 2
118 119 2
117 118 1
78 80 1
79 80 2
79 78 2
80 81 1
77 81 1
79 81 2
77 79 1
78 79 1
81 82 1
79 82 2
? 1 1 1

5 4 2
4 5 1
4 6 1
5 6 2
0 1 2
2 3 1
10 12 1
11 12 2
15 17 1
16 17 2
7 8 1
11 10 2
16 15 2
10 11 1
9 11 1
8 13 1
9 13 1
12 13 1
11 13 2
14 16 1
15 16 1
? 0 0 0

0 1 1
2 3 1
4 5 1
? 1 1 1

1 2 2
2 3 1
1 3 2
2 5 1
4 5 2
5 6 1
4 6 2
5 7 1
2 7 1
0 1 1
3 4 1
0 4 1
7 8 1
7 9 1
6 10 1
3 10 1
0 10 1
? 0 0 0

0 6 1
3 6 1
5 6 2
3 7 1
3 11 1
9 11 2
11 13 1
0 13 1
12 13 2
8 14 1
0 2 1
3 4 1
0 4 1
0 1 1
2 5 1
4 5 1
3 9 1
2 9 1
6 9 1
4 9 1
6 10 1
4 10 1
9 10 2
11 12 1
2 12 1
9 12 2
? 0 0 0

7 10 1
9 10 2
13 16 1
15 16 2
0 1 1
2 3 1
1 3 1
3 5 1
4 5 2
5 6 1
4 6 2
9 7 2
6 8 1
9 8 2
10 11 1
6 11 1
9 11 2
11 12 1
9 12 2
15 13 2
12 14 1
15 14 2
16 17 1
12 17 1
15 17 2
17 18 1
15 18 2
3 4 1
8 9 1
7 9 1
4 9 2
13 15 1
14 15 1
9 15 2
? 0 0 0

1 3 1
2 3 2
5 7 1
6 7 2
6 8 2
6 9 2
2 1 2
6 5 2
1 2 1
0 4 1
2 4 2
5 6 1
2 6 2
? 0 0 0

10 13 1
1 13 1
12 13 2
5 14 1
4 14 1
8 14 2
22 23 2
0 26 1
24 26 2
0 28 1
27 28 2
0 29 1
27 29 2
2 31 1
8 31 2
29 33 1
28 33 1
0 33 1
32 33 2
2 3 1
5 6 1
4 10 1
9 10 2
10 11 1
0 11 1
9 11 2
8 15 2
15 16 1
8 16 2
6 7 1
3 7 1
3 8 1
4 8 1
6 8 1
7 8 2
4 9 1
8 9 2
10 12 1
1 12 1
9 12 2
15 17 1
8 17 2
15 18 1
17 18 2
18 19 2
16 20 1
8 20 2
15 21 1
20 21 2
15 22 1
21 22 2
16 24 1
8 24 2
15 25 1
24 25 2
15 27 1
24 27 2
29 30 1
28 30 1
24 30 2
29 32 1
28 32 1
0 32 1
13 32 1
1 32 1
? 0 0 0

0 5 1
2 5 1
1 2 1
2 2 1
0 3 1
2 4 1
3 4 2
0 6 1
6 7 2
8 9 2
17 19 1
18 19 2
9 25 1
24 25 2
9 26 1
24 26 2
23 27 1
11 11 1
10 11 2
11 12 1
10 12 2
12 14 1
14 14 1
13 14 2
15 16 2
18 17 2
22 23 1
23 23 1
12 13 1
9 13 1
10 13 2
14 15 1
13 15 2
14 18 1
17 18 1
15 18 2
14 20 1
19 20 1
18 20 2
16 21 1
15 21 2
22 24 1
? 1 1 1

3 6 1
5 6 2
7 9 1
8 9 2
6 11 1
5 11 2
11 12 1
5 12 2
12 14 1
11 14 1
2 14 1
13 14 2
0 1 1
5 3 2
5 4 2
8 7 2
3 5 1
4 5 1
7 8 1
5 8 2
9 10 1
6 10 1
8 10 2
12 13 1
11 13 1
2 13 1
0 13 1
18 20 1
19 20 2
21 23 1
22 23 2
23 24 1
16 24 1
22 24 2
19 25 2
25 27 1
26 31 1
30 31 2
31 33 1
32 33 2
31 34 1
28 34 1
32 34 2
33 35 1
31 35 1
32 35 2
27 36 1
32 36 2
32 37 2
34 43 1
15 43 1
41 43 1
42 43 2
43 44 1
42 44 2
28 48 1
46 48 1
47 48 2
36 49 1
27 49 1
47 49 2
45 50 2
53 55 1
54 55 2
56 58 1
57 58 2
28 59 1
58 59 1
51 59 1
57 59 2
49 60 1
36 60 1
27 60 1
54 60 2
28 61 1
43 61 1
38 61 1
31 61 1
29 61 1
45 61 2
36 62 1
27 62 1
45 62 2
45 63 2
65 66 1
64 66 2
62 67 1
64 67 2
71 74 1
73 74 2
37 77 1
75 77 1
76 77 2
78 81 1
80 81 2
82 84 1
77 84 1
37 84 1
83 84 2
85 86 2
87 88 2
16 18 1
17 18 2
22 21 2
39 41 1
28 41 1
40 41 2
45 46 2
45 51 2
51 53 1
52 53 2
57 56 2
64 65 2
69 69 1
68 69 2
73 71 2
73 72 2
74 75 1
73 75 2
80 78 2
80 79 2
81 82 1
80 82 2
16 17 1
18 19 1
17 19 2
18 22 1
21 22 1
19 22 2
26 30 1
31 32 1
30 32 2
39 40 1
41 42 1
40 42 2
26 45 1
46 47 1
45 47 2
51 52 1
45 52 2
53 54 1
52 54 2
56 57 1
53 57 1
54 57 2
31 64 1
29 64 1
45 64 2
69 70 1
68 70 2
71 73 1
72 73 1
70 73 2
75 76 1
73 76 2
78 80 1
79 80 1
70 80 2
82 83 1
80 83 2
89 91 1
90 91 1
92 94 1
93 94 1
95 97 1
96 97 1
98 100 1
99 100 1
? 1 1 1

