1 2 2
1 3 2
0 1 2
5 8 1
6 8 2
4 5 2
5 6 1
4 6 2
5 7 1
6 7 2
10 11 2
10 12 2
9 10 2
13 14 2
22 24 1
23 24 2
14 30 1
29 30 2
14 31 1
29 31 2
28 32 1
16 16 1
15 16 2
16 17 1
15 17 2
19 19 1
17 19 1
18 19 2
20 21 2
23 22 2
27 28 1
28 28 1
17 18 1
14 18 1
15 18 2
19 20 1
18 20 2
22 23 1
19 23 1
20 23 2
24 25 1
19 25 1
23 25 2
21 26 1
20 26 2
27 29 1
34 35 2
34 36 2
37 39 1
38 39 2
42 43 2
42 44 2
45 46 2
41 47 1
45 47 2
41 48 1
45 48 2
39 49 1
37 49 1
40 49 2
40 50 2
50 51 1
40 51 2
33 37 2
40 41 2
33 34 2
37 38 1
33 38 2
39 40 1
37 40 1
33 40 2
40 42 2
41 45 1
42 45 2
53 62 1
60 62 2
61 64 1
63 64 2
67 68 2
67 69 2
54 70 1
53 72 1
71 72 2
72 73 1
70 73 1
52 53 1
52 54 1
56 55 2
55 58 1
57 58 2
55 56 1
55 57 1
54 57 1
56 57 2
58 59 1
53 59 1
57 59 2
53 60 1
58 60 1
59 60 2
61 63 1
62 63 1
60 63 2
64 65 1
58 65 1
53 65 1
63 65 2
58 66 1
53 66 1
59 66 2
53 71 1
74 75 2
74 76 2
77 78 2
79 80 2
81 83 2
84 85 2
84 86 2
87 88 2
89 90 2
89 91 2
91 92 1
89 92 2
94 95 2
96 97 2
86 99 1
85 99 1
96 99 2
94 102 2
94 103 2
94 104 2
86 105 1
85 105 1
94 105 2
81 106 2
81 108 2
81 109 2
81 110 2
111 112 2
109 113 1
81 113 2
81 115 2
116 117 2
116 118 2
112 120 1
119 120 2
121 122 2
121 123 2
123 124 1
121 124 2
126 127 2
128 129 2
128 131 2
126 134 2
126 135 2
126 136 2
118 137 1
117 137 1
126 137 2
137 139 1
118 139 1
117 139 1
81 139 2
109 141 1
140 141 2
140 143 2
81 82 2
94 93 2
96 98 2
94 100 2
81 114 2
126 125 2
128 130 2
126 132 2
140 142 2
81 84 2
86 87 1
84 87 2
81 89 2
91 94 1
89 94 2
94 96 2
94 101 2
83 107 1
81 107 2
81 111 2
81 116 2
116 119 2
81 121 2
123 126 1
121 126 2
127 128 1
126 128 2
126 133 2
81 138 2
81 140 2
? 1 1 1

3 5 1
4 5 2
3 6 1
4 6 2
0 1 2
0 2 2
9 10 1
7 8 1
11 12 1
90 91 2
92 94 1
93 94 2
93 95 2
89 92 2
88 89 2
89 90 2
92 93 1
89 93 2
97 97 1
96 97 1
98 97 2
97 99 1
98 99 2
97 98 1
13 14 2
13 15 2
18 19 1
20 21 1
16 17 1
26 28 1
27 28 2
35 37 1
36 37 2
24 25 2
27 26 2
23 29 1
28 29 1
27 29 2
29 30 1
25 30 1
27 30 2
29 31 1
27 31 2
30 33 1
32 33 2
36 35 2
37 38 1
31 38 1
36 38 2
23 24 1
23 27 1
26 27 1
24 27 2
31 32 1
27 32 2
22 34 1
30 34 1
33 34 1
32 34 2
31 36 1
35 36 1
32 36 2
38 39 1
36 39 2
30 40 1
39 40 2
44 45 1
46 48 1
47 48 2
41 42 1
42 43 1
47 46 2
45 49 1
48 49 1
47 49 2
45 47 1
46 47 1
51 52 2
51 53 2
50 55 1
54 55 2
54 56 2
57 58 2
59 61 1
60 61 2
60 59 2
61 62 1
60 62 2
50 54 1
50 57 1
59 60 1
57 60 2
78 79 1
77 79 2
84 86 1
85 86 2
83 87 1
86 87 1
85 87 2
68 69 2
71 72 2
74 75 1
77 78 2
81 83 1
82 83 2
85 84 2
69 70 1
68 70 2
72 73 1
71 73 2
76 77 1
79 80 1
77 80 2
81 82 1
84 85 1
83 85 1
82 85 2
63 64 2
64 65 1
63 65 2
66 67 1
100 101 1
101 101 1
101 103 1
102 103 2
103 104 1
102 104 2
103 106 1
105 106 2
101 102 1
104 105 1
102 105 2
107 108 1
108 108 1
108 110 1
109 110 2
110 111 1
109 111 2
110 113 1
112 113 2
108 109 1
111 112 1
109 112 2
? 1 1 1

2 3 2
4 5 2
0 10 1
9 10 2
1 13 1
0 14 1
14 17 1
0 17 1
16 17 2
17 21 1
15 21 1
20 21 2
18 22 1
20 22 2
21 24 1
14 24 1
0 24 1
23 24 2
21 25 1
14 25 1
0 25 1
23 25 2
22 27 1
13 27 1
1 27 1
23 27 2
25 29 1
17 29 1
15 29 1
28 29 2
27 30 1
18 30 1
28 30 2
30 31 1
22 31 1
13 31 1
1 31 1
19 31 2
29 32 1
21 32 1
14 32 1
0 32 1
19 32 2
13 18 1
1 18 1
0 7 1
3 7 1
1 8 1
5 8 1
7 8 2
6 9 1
0 9 1
1 11 1
5 11 1
1 12 1
10 12 1
6 12 1
10 16 1
6 16 1
13 19 1
1 19 1
5 19 1
3 20 1
14 20 1
0 20 1
19 20 2
10 23 1
6 23 1
21 23 1
14 23 1
0 23 1
19 23 2
3 26 1
25 26 1
23 26 2
24 28 1
10 28 1
6 28 1
22 28 1
13 28 1
1 28 1
19 28 2
? 0 0 0

0 2 1
2 3 1
1 3 1
6 8 1
7 8 2
8 9 1
7 9 2
4 4 1
4 5 1
7 6 2
4 7 1
6 7 1
57 58 1
14 15 1
12 15 1
16 17 1
21 22 1
23 24 1
35 36 1
34 36 2
36 37 1
35 37 1
34 37 2
38 39 1
28 39 1
34 39 2
12 42 1
12 13 1
13 14 1
12 14 1
13 16 1
12 16 1
17 18 1
12 19 1
12 20 1
20 21 1
12 21 1
12 23 1
20 23 1
24 25 1
12 26 1
12 27 1
27 28 1
26 28 1
12 28 1
28 29 1
28 30 1
29 30 1
30 31 1
32 33 1
33 33 1
12 33 1
33 35 1
34 35 2
28 38 1
29 38 1
34 38 2
12 40 1
12 41 1
40 41 1
42 43 1
12 43 1
43 44 1
33 34 1
47 52 1
50 52 1
48 52 2
51 53 1
47 53 1
48 53 2
45 46 1
45 47 1
46 47 1
48 49 2
49 50 1
48 50 2
50 51 1
49 51 1
48 51 2
47 55 1
45 56 1
53 54 1
52 54 1
48 54 2
10 11 1
59 60 1
61 62 1
63 64 1
65 66 1
119 120 1
121 122 1
107 108 1
109 110 1
111 112 1
113 114 1
115 116 1
117 118 1
77 78 1
79 80 1
81 82 1
83 84 1
85 86 1
87 88 1
89 90 1
73 74 1
75 76 1
67 68 1
69 70 1
71 72 1
91 92 1
93 94 1
95 96 1
97 98 1
99 100 1
101 102 1
103 104 1
105 106 1
? 1 1 1

0 1 1
1 2 1
3 4 1
4 5 1
? 0 0 0

0 1 2
1 2 2
1 3 2
1 4 2
1 5 2
0 6 2
6 7 2
7 8 2
7 9 2
7 10 2
7 11 2
6 12 2
12 13 2
12 14 2
14 15 2
15 16 2
16 17 2
18 19 2
18 20 2
18 21 2
18 22 2
18 23 2
18 24 2
18 25 2
25 26 2
25 27 2
? 1 1 1

7 6 2
6 7 1
6 8 1
7 8 2
0 1 2
1 3 1
2 5 1
3 4 1
9 10 2
9 11 2
14 16 1
15 16 2
12 13 1
11 13 1
10 13 1
15 14 2
14 15 1
11 15 1
10 15 1
29 31 1
30 31 2
35 37 1
36 37 2
26 27 1
30 29 2
36 35 2
28 30 1
29 30 1
28 32 1
31 32 1
27 32 1
30 32 2
27 33 1
34 36 1
35 36 1
18 19 2
17 20 1
18 20 2
20 21 1
22 21 2
21 23 1
22 23 2
23 25 1
24 25 2
17 18 1
21 22 1
18 22 2
23 24 1
22 24 2
? 0 0 0

0 1 2
16 17 1
21 23 1
22 23 2
24 26 1
25 26 2
26 27 1
25 27 2
2 4 1
2 7 1
2 9 1
9 10 1
6 10 1
7 13 1
4 15 1
10 15 1
14 15 2
10 16 1
7 16 1
17 19 1
22 21 2
2 24 1
4 24 1
17 24 1
10 24 1
23 24 1
22 24 2
27 30 1
26 30 1
20 30 1
29 30 2
2 3 1
4 5 1
7 8 1
10 11 1
9 12 1
10 12 1
13 14 1
17 18 1
21 22 1
17 22 1
24 25 1
22 25 2
27 28 1
26 28 1
20 28 1
27 29 1
26 29 1
20 29 1
17 29 1
28 29 2
31 33 1
33 35 1
34 35 2
35 36 1
34 36 2
31 32 1
33 34 1
36 37 1
34 37 2
51 52 1
52 59 1
58 59 2
45 48 1
47 48 1
53 55 2
52 57 1
45 46 1
49 50 1
48 50 1
52 53 1
53 54 2
55 56 1
53 56 2
52 58 1
59 60 1
58 60 2
40 42 1
41 42 2
42 44 1
43 44 2
38 39 1
40 41 1
38 41 1
42 43 1
41 43 2
? 0 0 0

7 8 2
10 13 1
12 13 2
9 15 1
14 15 2
10 16 1
14 16 2
17 19 1
18 19 2
9 20 1
18 20 2
9 21 1
18 21 2
22 24 1
23 24 2
20 31 1
15 31 1
2 31 1
36 38 1
37 38 2
35 43 1
42 43 2
41 45 1
44 45 2
35 47 1
46 47 2
41 48 1
46 48 2
35 52 1
51 52 2
0 1 1
1 3 1
0 3 1
4 5 2
4 6 2
0 9 1
7 9 2
9 10 1
7 10 2
9 17 1
14 17 2
4 22 2
19 26 1
13 26 1
6 26 1
21 26 1
16 26 1
8 26 1
5 26 1
25 26 2
32 33 2
32 34 2
32 35 2
32 36 2
39 40 2
38 41 1
36 41 1
39 41 2
47 50 1
43 50 1
40 50 1
33 50 1
48 50 1
45 50 1
41 50 1
34 50 1
49 50 2
3 4 1
0 7 1
4 7 2
10 11 1
7 11 2
10 12 1
7 12 2
10 14 1
12 14 2
17 18 1
14 18 2
21 23 1
16 23 1
8 23 1
5 23 1
4 23 2
1 25 1
19 25 1
13 25 1
6 25 1
21 25 1
16 25 1
8 25 1
5 25 1
4 25 2
25 27 2
25 28 2
25 29 2
25 30 2
34 37 1
32 37 2
35 39 1
32 39 2
35 42 1
39 42 2
34 44 1
42 44 2
35 46 1
42 46 2
47 49 1
43 49 1
40 49 1
39 49 2
35 51 1
39 51 2
? 0 0 0

0 2 1
1 2 2
1 0 2
1 3 2
1 4 2
0 1 1
? 0 0 0

