333 334 1
971 972 1
973 972 1
972 970 1
972 976 1
970 976 1
976 975 1
975 974 1
978 979 1
980 979 1
979 977 1
979 983 1
977 983 1
983 982 1
982 981 1
964 965 1
966 965 1
965 963 1
963 969 1
965 969 1
969 968 1
968 967 1
957 958 1
959 958 1
958 956 1
958 962 1
956 962 1
962 961 1
961 960 1
603 604 1
605 604 1
604 602 1
604 608 1
602 608 1
608 607 1
607 606 1
619 618 1
617 618 1
618 616 1
616 622 1
618 622 1
622 621 1
621 620 1
612 611 1
610 611 1
611 609 1
609 615 1
611 615 1
615 614 1
614 613 1
598 597 1
596 597 1
597 595 1
595 601 1
597 601 1
601 600 1
600 599 1
538 537 1
536 537 1
537 535 1
537 541 1
535 541 1
541 540 1
540 539 1
550 551 1
552 551 1
551 549 1
551 555 1
549 555 1
555 554 1
554 553 1
543 544 1
545 544 1
544 542 1
542 548 1
544 548 1
548 547 1
547 546 1
559 558 1
557 558 1
558 556 1
556 562 1
558 562 1
562 561 1
561 560 1
587 583 1
587 584 1
587 585 1
587 586 1
576 570 1
564 570 1
570 563 1
570 587 1
563 587 1
587 582 1
582 577 1
565 571 1
583 578 1
566 572 1
584 579 1
567 573 1
585 580 1
568 574 1
586 581 1
569 575 1
811 812 1
813 812 1
812 810 1
810 816 1
812 816 1
816 815 1
815 814 1
806 805 1
804 805 1
805 803 1
805 809 1
803 809 1
809 808 1
808 807 1
633 632 1
631 632 1
632 630 1
632 636 1
630 636 1
636 635 1
635 634 1
638 639 1
640 639 1
639 637 1
639 643 1
637 643 1
643 642 1
642 641 1
626 625 1
624 625 1
625 623 1
625 629 1
623 629 1
629 628 1
628 627 1
591 590 1
589 590 1
590 588 1
590 594 1
588 594 1
594 593 1
593 592 1
371 370 1
360 363 1
366 363 1
363 359 1
363 371 1
359 371 1
371 369 1
369 367 1
361 364 1
370 368 1
362 365 1
353 358 1
346 358 1
358 355 1
355 351 1
358 356 1
343 346 1
349 346 1
346 342 1
342 353 1
346 357 1
353 357 1
357 354 1
354 350 1
344 348 1
345 347 1
356 352 1
767 766 1
756 759 1
762 759 1
759 755 1
755 767 1
759 767 1
767 765 1
765 763 1
757 760 1
766 764 1
758 761 1
832 833 1
834 833 1
833 831 1
833 837 1
831 837 1
837 836 1
836 835 1
827 826 1
825 826 1
826 824 1
824 830 1
826 830 1
830 829 1
829 828 1
841 840 1
839 840 1
840 838 1
838 844 1
840 844 1
844 843 1
843 842 1
820 819 1
818 819 1
819 817 1
817 823 1
819 823 1
823 822 1
822 821 1
710 709 1
705 702 1
699 702 1
702 698 1
702 710 1
698 710 1
710 708 1
708 706 1
700 703 1
709 707 1
701 704 1
697 696 1
692 689 1
686 689 1
689 685 1
689 697 1
685 697 1
697 695 1
695 693 1
687 690 1
696 694 1
688 691 1
797 798 1
799 798 1
798 796 1
796 802 1
798 802 1
802 801 1
801 800 1
771 770 1
769 770 1
770 768 1
770 774 1
768 774 1
774 773 1
773 772 1
785 784 1
783 784 1
784 782 1
784 788 1
782 788 1
788 787 1
787 786 1
778 777 1
776 777 1
777 775 1
777 781 1
775 781 1
781 780 1
780 779 1
792 791 1
790 791 1
791 789 1
791 795 1
789 795 1
795 794 1
794 793 1
904 903 1
902 903 1
903 901 1
901 907 1
903 907 1
907 906 1
906 905 1
911 910 1
909 910 1
910 908 1
910 914 1
908 914 1
914 913 1
913 912 1
916 917 1
918 917 1
917 915 1
915 921 1
917 921 1
921 920 1
920 919 1
923 924 1
925 924 1
924 922 1
922 928 1
924 928 1
928 927 1
927 926 1
930 931 1
932 931 1
931 929 1
931 935 1
929 935 1
935 934 1
934 933 1
855 856 1
857 856 1
856 854 1
856 860 1
854 860 1
860 859 1
859 858 1
888 889 1
890 889 1
889 887 1
887 893 1
889 893 1
893 892 1
892 891 1
897 896 1
895 896 1
896 894 1
896 900 1
894 900 1
900 899 1
899 898 1
987 986 1
985 986 1
986 984 1
984 990 1
986 990 1
990 989 1
989 988 1
886 885 1
881 878 1
875 878 1
878 874 1
878 886 1
874 886 1
886 884 1
884 882 1
876 879 1
885 883 1
877 880 1
873 872 1
862 865 1
868 865 1
865 861 1
865 873 1
861 873 1
873 871 1
871 869 1
863 866 1
872 870 1
864 867 1
468 467 1
466 467 1
467 465 1
465 471 1
467 471 1
471 470 1
470 469 1
494 495 1
496 495 1
495 493 1
493 499 1
495 499 1
499 498 1
498 497 1
452 453 1
454 453 1
453 451 1
453 457 1
451 457 1
457 456 1
456 455 1
459 460 1
461 460 1
460 458 1
460 464 1
458 464 1
464 463 1
463 462 1
412 411 1
410 411 1
411 409 1
409 415 1
411 415 1
415 414 1
414 413 1
482 481 1
480 481 1
481 479 1
481 485 1
479 485 1
485 484 1
484 483 1
473 474 1
475 474 1
474 472 1
472 478 1
474 478 1
478 477 1
477 476 1
398 397 1
396 397 1
397 395 1
395 401 1
397 401 1
401 400 1
400 399 1
405 404 1
403 404 1
404 402 1
404 408 1
402 408 1
408 407 1
407 406 1
418 420 1
421 419 1
417 419 1
419 416 1
419 422 1
416 422 1
524 523 1
522 523 1
523 521 1
523 527 1
521 527 1
527 526 1
526 525 1
529 530 1
531 530 1
530 528 1
530 534 1
528 534 1
534 533 1
533 532 1
515 516 1
517 516 1
516 514 1
516 520 1
514 520 1
520 519 1
519 518 1
510 509 1
508 509 1
509 507 1
509 513 1
507 513 1
513 512 1
512 511 1
501 502 1
503 502 1
502 500 1
500 506 1
502 506 1
506 505 1
505 504 1
382 381 1
380 381 1
381 379 1
381 385 1
379 385 1
385 384 1
384 383 1
373 374 1
375 374 1
374 372 1
372 378 1
374 378 1
378 377 1
377 376 1
728 727 1
726 727 1
727 725 1
727 731 1
725 731 1
731 730 1
730 729 1
742 741 1
740 741 1
741 739 1
741 745 1
739 745 1
745 744 1
744 743 1
719 720 1
721 720 1
720 718 1
720 724 1
718 724 1
724 723 1
723 722 1
712 713 1
714 713 1
713 711 1
713 717 1
711 717 1
717 716 1
716 715 1
1000 1003 1
1001 1004 1
1005 1002 1
999 1002 1
1002 998 1
1002 1006 1
998 1006 1
1008 1009 1
1010 1009 1
1009 1007 1
1007 1011 1
1009 1011 1
1013 1014 1
1015 1014 1
1014 1012 1
1012 1016 1
1014 1016 1
1019 1022 1
1020 1023 1
1018 1021 1
1024 1021 1
1021 1017 1
1021 1025 1
1017 1025 1
1028 1030 1
1031 1029 1
1027 1029 1
1029 1026 1
1026 1032 1
1029 1032 1
1074 1077 1
1075 1078 1
1073 1076 1
1079 1076 1
1076 1072 1
1072 1080 1
1076 1080 1
1067 1069 1
1066 1068 1
1070 1068 1
1068 1065 1
1065 1071 1
1068 1071 1
1060 1062 1
1063 1061 1
1059 1061 1
1061 1058 1
1058 1064 1
1061 1064 1
1083 1086 1
1084 1087 1
1088 1085 1
1082 1085 1
1085 1081 1
1085 1089 1
1081 1089 1
1042 1046 1
1043 1047 1
1044 1048 1
1049 1045 1
1041 1045 1
1045 1040 1
1045 1050 1
1040 1050 1
1053 1055 1
1052 1054 1
1056 1054 1
1054 1051 1
1054 1057 1
1051 1057 1
748 751 1
749 752 1
747 750 1
753 750 1
750 746 1
750 754 1
746 754 1
993 995 1
992 994 1
996 994 1
994 991 1
994 997 1
991 997 1
1035 1037 1
1038 1036 1
1034 1036 1
1036 1033 1
1033 1039 1
1036 1039 1
1092 1094 1
1095 1093 1
1091 1093 1
1093 1090 1
1090 1096 1
1093 1096 1
1099 1101 1
1098 1100 1
1102 1100 1
1100 1097 1
1100 1103 1
1097 1103 1
1106 1108 1
1109 1107 1
1105 1107 1
1107 1104 1
1107 1110 1
1104 1110 1
645 646 1
647 646 1
646 644 1
644 650 1
646 650 1
650 649 1
649 648 1
938 942 1
939 943 1
940 944 1
945 941 1
937 941 1
941 936 1
941 946 1
936 946 1
949 952 1
950 953 1
954 951 1
948 951 1
951 947 1
947 955 1
951 955 1
388 391 1
389 392 1
387 390 1
393 390 1
390 386 1
386 394 1
390 394 1
847 850 1
848 851 1
852 849 1
846 849 1
849 845 1
845 853 1
849 853 1
669 672 1
670 673 1
668 671 1
674 671 1
671 667 1
671 675 1
667 675 1
678 681 1
679 682 1
683 680 1
677 680 1
680 676 1
676 684 1
680 684 1
337 339 1
340 338 1
336 338 1
338 335 1
335 341 1
338 341 1
446 448 1
445 447 1
449 447 1
447 444 1
444 450 1
447 450 1
439 441 1
442 440 1
438 440 1
440 437 1
440 443 1
437 443 1
425 427 1
424 426 1
428 426 1
426 423 1
426 429 1
423 429 1
432 434 1
435 433 1
431 433 1
433 430 1
430 436 1
433 436 1
488 490 1
487 489 1
491 489 1
489 486 1
486 492 1
489 492 1
734 736 1
737 735 1
733 735 1
735 732 1
735 738 1
732 738 1
654 653 1
652 653 1
653 651 1
651 657 1
653 657 1
657 656 1
656 655 1
660 663 1
661 664 1
665 662 1
659 662 1
662 658 1
662 666 1
658 666 1
197 162 1
197 161 1
197 163 1
197 160 1
197 166 1
197 158 1
197 165 1
197 157 1
197 164 1
164 159 1
157 159 1
165 159 1
158 159 1
166 159 1
160 159 1
163 159 1
161 159 1
162 159 1
167 159 1
155 159 2
191 169 1
153 169 2
191 202 1
153 202 2
191 195 1
153 195 2
205 204 1
156 204 2
159 193 1
164 193 1
157 193 1
165 193 1
158 193 1
166 193 1
160 193 1
163 193 1
161 193 1
162 193 1
167 193 1
156 193 2
205 182 1
156 182 2
205 171 1
156 171 2
159 201 1
164 201 1
157 201 1
165 201 1
158 201 1
166 201 1
160 201 1
163 201 1
161 201 1
162 201 1
167 201 1
154 201 2
201 170 1
154 170 2
159 194 1
164 194 1
157 194 1
165 194 1
158 194 1
166 194 1
160 194 1
163 194 1
161 194 1
162 194 1
167 194 1
154 194 2
200 176 2
197 181 1
201 181 1
204 181 1
202 181 1
203 181 1
200 181 2
181 189 1
179 189 1
194 189 1
193 189 1
195 189 1
192 189 1
200 189 2
194 188 1
193 188 1
195 188 1
192 188 1
200 188 2
200 180 2
194 187 1
193 187 1
195 187 1
192 187 1
200 187 2
200 177 2
194 185 1
193 185 1
195 185 1
192 185 1
200 185 2
200 175 2
194 186 1
193 186 1
195 186 1
192 186 1
200 186 2
200 174 2
159 191 1
164 191 1
157 191 1
165 191 1
158 191 1
166 191 1
160 191 1
163 191 1
161 191 1
162 191 1
167 191 1
153 191 2
159 205 1
164 205 1
157 205 1
165 205 1
158 205 1
166 205 1
160 205 1
163 205 1
161 205 1
162 205 1
167 205 1
156 205 2
200 179 2
200 173 2
201 199 1
204 199 1
202 199 1
203 199 1
172 199 1
182 199 1
183 199 1
200 199 2
198 178 2
197 196 1
164 155 1
157 155 1
165 155 1
158 155 1
166 155 1
160 155 1
163 155 1
161 155 1
162 155 1
167 155 1
159 153 1
164 153 1
157 153 1
165 153 1
158 153 1
166 153 1
160 153 1
163 153 1
161 153 1
162 153 1
167 153 1
191 190 1
153 190 2
159 156 1
164 156 1
157 156 1
165 156 1
158 156 1
166 156 1
160 156 1
163 156 1
161 156 1
162 156 1
167 156 1
153 156 2
159 154 1
164 154 1
157 154 1
165 154 1
158 154 1
166 154 1
160 154 1
163 154 1
161 154 1
162 154 1
167 154 1
156 154 2
201 200 1
204 200 1
202 200 1
203 200 1
182 200 1
183 200 1
199 198 1
200 198 2
170 184 1
171 184 1
169 184 1
168 184 1
58 57 1
79 57 2
75 80 1
57 80 1
79 80 2
83 63 2
75 69 1
83 69 2
76 74 1
69 74 1
67 74 1
83 74 2
76 71 1
83 71 2
83 61 2
76 72 1
83 72 2
83 64 2
82 75 1
75 58 1
75 60 1
70 60 2
59 62 2
60 68 1
59 68 2
68 73 1
59 73 2
59 65 2
80 77 1
81 77 1
78 77 2
77 84 1
56 84 1
78 84 2
57 76 1
58 76 1
80 76 1
81 76 1
83 76 2
83 66 2
82 55 1
60 59 1
70 59 2
58 79 1
81 79 1
80 78 1
81 78 1
84 83 1
78 83 2
209 208 1
207 208 2
212 209 1
207 210 2
208 211 1
207 211 2
212 206 1
209 207 1
281 280 1
279 280 2
236 243 2
270 267 1
236 267 2
236 244 2
270 266 1
236 266 2
236 245 2
236 265 2
236 249 2
236 248 2
236 247 2
236 255 2
236 256 2
236 253 2
236 246 2
236 258 2
236 254 2
236 252 2
236 251 2
236 259 2
236 257 2
236 260 2
236 261 2
236 250 2
270 268 1
264 268 2
280 237 1
281 237 1
237 270 1
236 270 2
236 269 2
236 278 2
236 242 2
236 263 2
236 262 2
237 241 1
276 241 2
241 273 1
238 273 2
237 240 1
277 240 2
240 274 1
239 274 2
281 279 1
280 235 1
281 235 1
237 236 1
265 264 1
266 264 1
267 264 1
269 264 1
236 264 2
278 275 1
236 275 2
278 276 1
237 276 1
236 276 2
241 238 1
276 238 2
273 271 1
238 271 2
237 277 1
278 277 1
236 277 2
240 239 1
277 239 2
274 272 1
239 272 2
313 312 2
312 311 2
310 308 1
310 307 1
310 309 1
37 6 1
36 6 2
37 5 1
35 5 2
24 25 1
23 25 2
25 21 1
23 21 2
2 37 1
5 24 1
6 24 1
4 24 1
5 10 1
6 10 1
4 10 1
2 1 1
12 1 2
1 32 1
12 32 2
5 19 1
6 19 1
4 19 1
12 19 2
1 20 1
9 20 2
5 31 1
6 31 1
4 31 1
9 31 2
5 8 1
6 8 1
4 8 1
1 8 1
31 8 1
30 8 2
1 29 1
7 29 2
12 16 2
12 14 2
16 28 1
3 28 1
32 28 1
14 28 1
12 28 2
5 33 1
6 33 1
4 33 1
0 33 2
0 17 2
0 15 2
17 27 1
33 27 1
3 27 1
15 27 1
0 27 2
37 34 1
37 36 1
37 35 1
36 35 2
24 23 1
13 12 1
21 12 1
22 12 1
19 18 1
12 18 2
10 9 1
12 9 2
31 30 1
9 30 2
8 7 1
30 7 2
13 0 1
10 0 1
25 11 1
26 11 1
13 11 1
92 90 1
93 90 1
90 94 1
91 94 1
40 42 1
39 42 2
48 43 1
47 43 2
38 48 1
48 40 1
46 40 2
48 45 1
48 46 1
40 39 1
46 39 2
48 47 1
46 47 2
43 41 1
42 41 1
44 41 1
145 125 1
144 125 2
145 124 1
143 124 2
120 145 1
120 119 1
119 140 1
124 133 1
125 133 1
122 133 1
119 134 1
124 139 1
125 139 1
122 139 1
119 127 1
139 127 1
124 127 1
125 127 1
122 127 1
138 127 2
119 137 1
126 137 2
140 136 1
121 136 1
131 136 1
128 136 1
124 141 1
125 141 1
122 141 1
123 141 2
123 130 2
123 129 2
121 135 1
141 135 1
129 135 1
130 135 1
123 135 2
145 142 1
145 144 1
145 143 1
144 143 2
133 132 1
139 138 1
127 126 1
138 126 2
124 123 1
125 123 1
122 123 1
118 100 1
100 109 1
97 116 1
97 98 1
100 115 1
96 115 2
97 102 1
115 102 1
100 102 1
114 102 2
97 113 1
101 113 2
116 111 1
99 111 1
105 111 1
103 111 1
97 117 1
108 117 2
110 110 1
97 110 1
108 110 2
108 106 2
108 104 2
117 112 1
104 112 1
99 112 1
106 112 1
108 112 2
118 95 1
109 107 1
100 96 1
115 114 1
96 114 2
102 101 1
114 101 2
109 108 1
149 148 1
147 148 2
152 149 1
147 150 2
148 151 1
147 151 2
152 146 1
149 147 1
213 215 2
213 216 2
214 217 1
215 217 1
216 217 1
213 217 2
214 213 1
85 87 2
85 88 2
87 89 1
86 89 1
88 89 1
85 89 2
86 85 1
221 227 1
219 227 2
225 225 1
222 225 1
234 230 1
230 221 1
221 233 1
221 220 1
224 220 2
230 228 1
221 231 1
226 231 2
223 232 1
233 232 1
229 232 1
222 232 1
234 218 1
225 224 1
225 226 1
228 226 1
225 219 1
226 219 2
332 329 1
329 325 1
325 331 1
324 331 2
324 328 2
324 327 2
327 330 1
328 330 1
331 330 1
326 330 1
324 330 2
332 323 1
325 324 1
52 51 1
50 51 2
54 52 1
50 53 2
54 49 1
52 50 1
290 289 1
288 289 2
282 283 1
287 285 2
285 290 1
287 290 2
287 286 2
283 288 1
282 288 1
290 288 1
287 288 2
283 284 1
282 284 1
286 284 1
287 284 2
318 317 1
316 317 2
320 322 1
319 322 2
319 321 2
319 314 2
316 318 2
320 319 1
318 316 1
314 316 1
319 316 2
322 315 1
317 315 1
314 315 1
316 315 2
303 302 1
301 302 2
301 303 2
302 300 1
301 300 2
300 306 1
299 306 2
306 305 1
299 305 2
303 301 1
300 299 1
301 299 2
305 304 1
299 304 2
298 297 1
296 297 2
296 298 2
297 295 1
296 295 2
295 291 1
294 291 2
291 293 1
294 293 2
298 296 1
295 294 1
296 294 2
293 292 1
294 292 2
1112 1113 1
1114 1111 1
1151 1159 1
1128 1159 1
1115 1159 1
1167 1159 1
1144 1159 1
1167 1120 1
1115 1130 1
1120 1130 1
1151 1130 1
1151 1160 1
1171 1160 1
1128 1160 1
1148 1160 1
1115 1160 1
1171 1121 1
1151 1131 1
1115 1131 1
1121 1131 1
1147 1161 1
1151 1161 1
1128 1161 1
1115 1161 1
1170 1161 1
1170 1122 1
1115 1132 1
1151 1132 1
1122 1132 1
1161 1155 1
1139 1155 1
1128 1155 1
1118 1155 1
1119 1155 1
1132 1155 1
1116 1155 1
1145 1162 1
1115 1162 1
1168 1162 1
1128 1162 1
1151 1162 1
1168 1123 1
1151 1133 1
1123 1133 1
1115 1133 1
1119 1154 1
1137 1154 1
1128 1154 1
1118 1154 1
1133 1154 1
1116 1154 1
1162 1154 1
1115 1163 1
1149 1163 1
1128 1163 1
1172 1163 1
1151 1163 1
1172 1124 1
1151 1134 1
1115 1134 1
1124 1134 1
1128 1157 1
1118 1157 1
1119 1157 1
1116 1157 1
1134 1157 1
1163 1157 1
1141 1157 1
1134 1156 1
1118 1156 1
1128 1156 1
1119 1156 1
1142 1156 1
1116 1156 1
1163 1156 1
1151 1164 1
1115 1164 1
1146 1164 1
1169 1164 1
1128 1164 1
1169 1125 1
1125 1135 1
1151 1135 1
1115 1135 1
1115 1165 1
1128 1165 1
1143 1165 1
1151 1165 1
1166 1165 1
1166 1126 1
1126 1136 1
1115 1136 1
1151 1136 1
1128 1153 1
1116 1153 1
1165 1153 1
1140 1153 1
1118 1153 1
1136 1153 1
1119 1153 1
1117 1152 1
1116 1152 1
1165 1152 1
1128 1152 1
1138 1152 1
1136 1152 1
1128 1158 1
1158 1115 1
1151 1150 1
1129 1116 1
1129 1127 1
1178 1177 2
1177 1176 2
1175 1173 2
1175 1174 2
1188 1189 2
1186 1187 1
1188 1187 2
1184 1183 1
1182 1183 2
1182 1184 2
1183 1179 1
1182 1179 2
1179 1185 1
1182 1185 2
1184 1182 1
1181 1180 1
1185 1180 1
1182 1180 2
1191 1190 1

3 0 1
0 7 1
1 7 1
7 6 1
2 6 1
2 5 1
6 5 1
6 4 1
14 12 1
10 12 2
9 23 1
23 19 1
15 13 1
11 13 2
8 22 1
22 18 1
10 14 2
18 16 1
10 16 2
11 15 2
19 17 1
11 17 2
16 10 1
14 10 1
12 20 1
18 20 1
10 20 2
15 11 1
17 11 1
19 21 1
13 21 1
11 21 2
30 28 1
26 28 2
25 39 1
39 35 1
31 29 1
27 29 2
24 38 1
38 34 1
26 30 2
34 32 1
26 32 2
27 31 2
35 33 1
27 33 2
30 26 1
32 26 1
28 36 1
34 36 1
26 36 2
33 27 1
31 27 1
35 37 1
29 37 1
27 37 2
52 49 1
46 49 2
44 66 1
66 60 1
53 50 1
47 50 2
45 67 1
67 61 1
54 51 1
48 51 2
42 41 1
62 41 2
43 65 1
65 59 1
46 52 2
59 55 1
46 55 2
47 53 2
60 56 1
47 56 2
48 54 2
61 57 1
48 57 2
61 58 1
51 58 1
48 58 2
55 46 1
52 46 1
49 63 1
59 63 1
46 63 2
56 47 1
53 47 1
60 64 1
50 64 1
47 64 2
54 48 1
57 48 1
58 62 1
48 62 2
58 40 1
62 40 2
80 77 1
74 77 2
72 94 1
94 88 1
81 78 1
75 78 2
73 95 1
95 89 1
82 79 1
76 79 2
70 69 1
90 69 2
71 93 1
93 87 1
74 80 2
87 83 1
74 83 2
75 81 2
88 84 1
75 84 2
76 82 2
89 85 1
76 85 2
89 86 1
79 86 1
76 86 2
80 74 1
83 74 1
87 91 1
77 91 1
74 91 2
81 75 1
84 75 1
88 92 1
78 92 1
75 92 2
82 76 1
85 76 1
86 90 1
76 90 2
86 68 1
90 68 2
102 100 1
98 100 2
97 111 1
111 107 1
103 101 1
99 101 2
96 110 1
110 106 1
98 102 2
106 104 1
98 104 2
99 103 2
107 105 1
99 105 2
102 98 1
104 98 1
100 108 1
106 108 1
98 108 2
103 99 1
105 99 1
101 109 1
107 109 1
99 109 2
118 116 1
114 116 2
113 127 1
127 123 1
119 117 1
115 117 2
112 126 1
126 122 1
114 118 2
122 120 1
114 120 2
115 119 2
123 121 1
115 121 2
118 114 1
120 114 1
122 124 1
116 124 1
114 124 2
119 115 1
121 115 1
123 125 1
117 125 1
115 125 2
134 132 1
130 132 2
129 143 1
143 139 1
135 133 1
131 133 2
128 142 1
142 138 1
130 134 2
138 136 1
130 136 2
131 135 2
139 137 1
131 137 2
136 130 1
134 130 1
138 140 1
132 140 1
130 140 2
135 131 1
137 131 1
133 141 1
139 141 1
131 141 2
156 153 1
150 153 2
148 170 1
170 164 1
157 154 1
151 154 2
149 171 1
171 165 1
158 155 1
152 155 2
146 145 1
166 145 2
147 169 1
169 163 1
150 156 2
163 159 1
150 159 2
151 157 2
164 160 1
151 160 2
152 158 2
165 161 1
152 161 2
155 162 1
165 162 1
152 162 2
156 150 1
159 150 1
163 167 1
153 167 1
150 167 2
157 151 1
160 151 1
164 168 1
154 168 1
151 168 2
161 152 1
158 152 1
162 166 1
152 166 2
162 144 1
166 144 2
184 181 1
178 181 2
176 198 1
198 192 1
185 182 1
179 182 2
177 199 1
199 193 1
186 183 1
180 183 2
174 173 1
194 173 2
175 197 1
197 191 1
178 184 2
191 187 1
178 187 2
179 185 2
192 188 1
179 188 2
180 186 2
193 189 1
180 189 2
183 190 1
193 190 1
180 190 2
187 178 1
184 178 1
181 195 1
191 195 1
178 195 2
188 179 1
185 179 1
192 196 1
182 196 1
179 196 2
189 180 1
186 180 1
190 194 1
180 194 2
190 172 1
194 172 2
203 200 1
200 207 1
201 207 1
207 206 1
202 206 1
202 205 1
206 205 1
206 204 1
272 282 1
272 295 1
264 294 2
279 283 2
279 284 2
247 287 1
279 287 2
264 298 2
264 291 2
264 293 2
280 285 2
280 289 2
280 286 2
247 288 1
280 288 2
280 290 2
264 299 2
264 292 2
247 281 1
273 278 1
295 278 1
245 278 2
263 262 1
261 262 2
258 255 1
254 255 2
259 256 1
252 256 2
260 257 1
253 257 2
250 297 1
251 297 2
297 296 1
247 296 1
247 266 1
266 272 1
247 273 1
273 273 1
290 276 1
289 276 1
287 276 1
283 276 1
245 276 2
277 263 1
261 263 2
277 248 1
261 248 2
273 271 1
262 271 1
261 271 2
290 300 1
289 300 1
287 300 1
283 300 1
271 300 1
270 300 2
254 258 2
252 259 2
266 268 1
268 268 1
252 268 2
247 250 1
253 260 2
250 269 1
253 269 2
264 279 2
264 280 2
277 245 1
273 245 1
295 245 1
263 261 1
248 261 1
245 261 2
290 270 1
289 270 1
287 270 1
283 270 1
276 270 1
271 270 1
261 270 2
258 254 1
276 254 1
270 254 2
300 301 1
255 301 1
290 301 1
289 301 1
287 301 1
283 301 1
254 301 2
266 265 1
268 252 1
259 252 1
265 252 2
256 267 1
266 267 1
252 267 2
295 246 1
273 246 1
266 246 1
256 246 1
252 246 2
274 275 1
250 249 1
260 253 1
269 253 1
249 253 2
257 251 1
250 251 1
253 251 2
228 236 1
211 240 1
211 235 1
237 238 1
210 238 2
241 234 1
229 234 1
208 234 2
221 220 1
219 220 2
217 215 1
214 215 2
218 216 1
213 216 2
211 242 1
211 223 1
223 228 1
211 229 1
229 229 1
239 232 1
208 232 2
233 221 1
219 221 2
233 212 1
219 212 2
229 227 1
220 227 1
219 227 2
239 243 1
227 243 1
226 243 2
214 217 2
213 218 2
225 225 1
223 225 1
213 225 2
211 210 1
233 208 1
241 208 1
229 208 1
212 219 1
221 219 1
208 219 2
227 226 1
232 226 1
239 226 1
219 226 2
232 214 1
217 214 1
226 214 2
239 244 1
243 244 1
215 244 1
214 244 2
223 222 1
218 213 1
225 213 1
222 213 2
216 224 1
223 224 1
213 224 2
223 209 1
216 209 1
241 209 1
229 209 1
213 209 2
230 231 1
303 304 1
302 303 1
309 323 1
313 323 2
313 318 2
313 321 2
309 322 1
312 322 2
312 319 2
312 320 2
311 315 1
316 317 1
308 317 2
309 309 1
314 310 1
310 311 1
313 312 2
325 326 1
324 327 1
306 307 1
305 306 1
340 355 1
352 357 1
353 354 1
336 333 1
330 333 2
337 334 1
331 334 2
345 356 1
351 356 2
354 358 1
351 358 2
338 335 1
332 335 2
347 360 1
348 360 2
353 340 1
349 349 1
353 349 1
330 336 2
344 344 1
349 344 1
330 344 2
331 337 2
342 342 1
340 342 1
331 342 2
357 345 1
351 345 2
353 347 1
332 338 2
347 343 1
343 343 1
332 343 2
344 330 1
336 330 1
359 329 1
333 329 1
349 329 1
330 329 2
340 339 1
342 331 1
337 331 1
339 331 2
334 341 1
340 341 1
331 341 2
334 328 1
359 328 1
340 328 1
331 328 2
350 351 1
347 346 1
338 332 1
343 332 1
346 332 2
347 348 1
335 348 1
332 348 2
383 388 1
383 392 1
363 389 2
363 390 2
364 391 1
363 391 2
364 387 1
371 368 1
365 368 2
372 369 1
366 369 2
373 370 1
367 370 2
381 393 1
382 393 2
364 375 1
375 383 1
364 384 1
384 384 1
365 371 2
384 379 1
379 379 1
365 379 2
366 372 2
377 377 1
375 377 1
366 377 2
364 381 1
367 373 2
381 378 1
378 378 1
367 378 2
379 365 1
371 365 1
392 362 1
368 362 1
384 362 1
365 362 2
375 374 1
372 366 1
377 366 1
374 366 2
369 376 1
375 376 1
366 376 2
375 361 1
392 361 1
369 361 1
366 361 2
385 386 1
381 380 1
378 367 1
373 367 1
380 367 2
381 382 1
370 382 1
367 382 2

129 130 1
133 129 1
132 131 1
130 128 1
132 128 1
75 74 1
73 74 2
72 71 2
73 75 2
75 73 1
71 73 1
72 73 2
74 76 1
71 76 1
73 76 2
0 2 1
3 2 2
3 0 2
2 1 1
3 1 2
19 14 1
26 18 1
10 18 2
23 16 1
20 16 2
22 17 1
21 17 2
19 34 1
32 26 2
25 12 2
13 28 2
19 23 1
28 23 1
13 23 2
11 29 2
29 22 1
19 22 1
11 22 2
33 27 2
33 31 2
26 15 1
32 15 2
26 25 1
32 25 2
26 10 1
25 10 2
12 13 1
10 13 2
23 20 1
13 20 2
12 11 1
13 11 2
22 21 1
11 21 2
26 24 1
25 24 2
31 30 1
27 30 1
33 30 2
104 97 1
90 97 2
101 95 1
98 95 2
100 96 1
99 96 2
107 104 2
103 92 2
93 105 2
105 101 1
93 101 2
91 106 2
106 100 1
91 100 2
104 94 1
107 94 2
104 103 1
107 103 2
104 90 1
103 90 2
92 93 1
90 93 2
101 98 1
93 98 2
92 91 1
93 91 2
100 99 1
91 99 2
104 102 1
103 102 2
111 108 2
111 110 2
110 109 1
108 109 1
111 109 2
84 85 1
82 85 2
84 83 1
83 83 1
84 82 1
83 82 1
88 89 1
86 89 2
88 87 1
87 87 1
88 86 1
87 86 1
135 134 1
136 134 2
136 135 2
70 68 1
69 68 2
70 69 1
68 67 1
70 67 1
69 67 2
116 113 1
115 113 2
117 114 1
115 114 2
116 115 1
114 112 1
113 112 1
46 44 1
42 44 2
47 45 1
43 45 2
42 46 2
44 48 1
42 48 2
48 38 1
42 38 2
51 50 1
38 50 1
37 50 2
43 47 2
45 49 1
43 49 2
49 41 1
43 41 2
46 42 1
38 37 1
42 37 2
50 39 1
37 39 2
47 43 1
41 40 1
43 40 2
53 52 1
8 7 1
6 7 2
6 8 2
8 6 1
7 9 1
6 9 2
121 120 1
119 120 2
122 123 1
118 123 2
123 125 1
118 125 2
119 121 2
120 122 1
119 122 2
125 127 1
123 127 1
126 127 1
121 119 1
122 118 1
119 118 2
125 124 1
123 124 1
126 124 1
80 77 1
79 77 2
80 78 1
79 78 2
81 80 2
80 79 1
81 79 2
4 5 2
66 60 1
58 60 2
65 64 1
63 64 2
64 61 1
66 61 1
63 61 2
62 66 2
63 65 2
59 62 2
66 58 1
62 58 2
60 63 1
65 63 1
58 63 2
54 56 1
55 56 2
54 57 1
57 55 1
36 35 2
220 222 2
222 219 1
221 219 2
222 221 1
220 221 2
184 185 1
182 185 2
184 186 1
182 186 2
180 184 2
183 180 2
180 182 2
186 181 1
185 181 1
180 181 2
161 163 1
163 170 1
161 170 1
170 169 1
167 169 1
166 164 1
166 165 1
163 162 1
169 168 1
167 168 1
176 175 1
174 175 2
178 177 1
173 177 1
175 177 1
174 177 2
179 171 1
177 171 1
178 171 1
178 179 1
174 176 2
173 172 1
173 174 1
176 174 1
172 174 2
223 227 2
227 225 1
226 225 2
227 226 1
223 226 2
225 224 1
226 224 2
228 232 2
232 230 1
228 230 2
230 231 1
229 231 2
230 229 1
228 229 2
258 257 1
148 149 2
154 153 1
152 153 2
149 160 1
150 160 2
160 158 1
159 158 2
157 146 2
160 156 1
158 156 1
157 156 2
152 154 2
156 155 1
152 155 2
151 148 2
149 147 1
151 147 2
149 150 1
160 159 1
150 159 2
158 157 1
159 157 2
154 152 1
155 152 1
157 152 2
252 251 1
254 253 1
242 241 1
144 143 1
145 140 1
145 142 1
145 141 1
145 139 1
144 145 1
138 137 1
215 213 1
215 214 1
244 245 1
243 245 2
247 246 1
243 246 2
247 244 1
244 243 1
200 201 2
204 203 1
202 203 2
199 205 1
202 204 2
207 206 1
207 202 1
204 202 1
203 208 1
205 208 1
207 208 1
202 208 2
236 235 1
234 235 2
233 237 1
234 236 2
239 238 1
239 234 1
236 234 1
235 240 1
237 240 1
239 240 1
234 240 2
255 256 1
249 248 1
250 248 1
194 193 1
192 193 2
193 195 1
194 195 1
191 195 2
188 197 2
188 194 2
195 190 1
193 190 1
194 190 1
188 190 2
195 198 1
193 198 1
194 198 1
190 198 1
188 198 2
198 196 1
188 196 2
194 192 1
188 192 2
193 191 1
194 191 1
188 191 2
195 187 1
193 187 1
194 187 1
188 187 2
190 189 1
188 189 2
216 218 2
217 216 1
212 210 1
212 211 1
210 209 1

6 5 1
3 5 2
6 4 1
3 4 2
0 2 2
0 1 2
8 7 1
10 9 2
14 13 1
12 13 2
16 15 1
12 14 2
11 12 1
14 12 1
33 32 1
31 32 2
36 35 1
34 35 2
31 33 2
32 28 1
31 28 2
34 36 2
33 31 1
28 27 1
31 27 2
28 34 1
36 34 1
27 34 2
30 29 1
34 29 2
25 25 1
24 25 2
25 26 1
24 26 2
25 24 1
18 21 1
17 21 2
17 20 2
18 17 1
20 19 1
21 19 1
23 22 1
42 41 1
40 41 2
38 44 2
38 48 2
48 49 1
38 49 2
40 42 2
38 47 2
46 46 1
47 46 1
45 46 2
46 53 1
45 53 2
44 55 1
38 55 2
39 54 2
44 43 1
38 43 2
42 40 1
49 40 1
38 40 2
49 50 1
41 50 1
40 50 2
46 45 1
38 45 2
55 51 1
38 51 2
38 37 2
37 39 2
54 52 1
39 52 2
60 61 2
57 62 2
56 59 2
59 64 1
58 64 2
63 60 1
61 56 1
60 56 2
59 58 1
56 58 2
64 57 1
58 57 2
86 85 2
69 78 2
70 79 2
70 76 2
74 73 2
79 72 1
78 72 1
80 72 1
75 72 2
76 71 1
77 71 1
79 71 1
78 71 1
80 71 1
75 71 2
81 69 1
81 70 1
69 70 2
79 74 1
78 74 1
80 74 1
76 75 1
77 75 1
74 75 2
117 116 1
115 116 2
120 119 1
118 119 2
110 124 2
115 117 2
116 112 1
111 112 1
115 112 2
112 122 1
124 122 1
115 122 2
112 114 1
115 114 2
122 109 1
113 109 2
118 120 2
119 108 1
114 108 1
118 108 2
111 110 1
117 115 1
111 115 1
110 115 2
114 113 1
115 113 2
109 106 1
123 106 1
122 106 1
113 106 2
120 118 1
114 118 1
113 118 2
108 107 1
118 107 2
122 121 1
107 121 2
82 83 2
83 84 2
99 97 1
96 97 2
103 102 1
101 102 2
100 98 1
95 98 2
95 91 2
96 99 2
105 104 1
97 104 1
96 104 2
104 94 1
96 94 2
101 103 2
102 93 1
94 93 1
101 93 2
89 88 1
87 88 2
88 90 1
87 90 2
95 100 2
99 96 1
105 96 1
94 101 1
103 101 1
96 101 2
93 92 1
101 92 2
89 87 1
90 95 1
100 95 1
87 95 2
67 68 2
68 65 1
67 65 2
68 66 1
65 66 2
132 133 1
130 129 1
128 129 2
126 127 1
127 125 1
128 130 2
133 131 1
129 131 1
128 131 2
133 128 1
130 128 1
264 263 1
262 263 2
262 264 2
263 266 1
262 266 2
264 262 1
266 265 1
262 265 2
259 258 1
257 258 2
257 259 2
259 257 1
260 257 2
258 261 1
257 261 2
358 357 1
356 357 2
356 358 2
358 356 1
355 356 2
152 153 2
170 166 1
168 167 1
170 169 1
304 302 1
304 303 1
295 294 2
297 300 2
292 299 2
292 298 2
296 293 2
301 297 2
297 296 2
293 292 1
296 292 2
196 194 1
192 194 2
201 202 1
194 202 1
191 202 1
192 202 2
197 195 1
193 195 2
192 196 2
193 197 2
201 200 1
200 199 2
191 190 1
196 192 1
191 192 1
190 192 2
190 198 2
197 193 1
191 193 1
198 193 2
175 183 1
180 183 2
178 177 1
176 177 2
177 186 1
175 186 1
181 186 2
177 185 1
175 185 1
181 185 2
182 184 1
175 184 1
181 184 2
182 187 1
175 187 1
179 187 2
175 182 1
181 178 2
175 174 1
177 174 1
176 174 2
182 180 1
182 181 1
180 181 2
178 176 1
175 176 1
181 176 2
174 173 1
176 173 2
175 179 1
182 179 1
181 179 2
172 171 1
398 393 2
399 394 2
401 396 2
400 395 2
405 404 1
403 404 2
390 407 2
395 406 1
396 406 1
394 406 1
393 406 1
397 406 1
391 406 2
403 405 2
402 398 1
402 399 1
398 399 2
402 401 1
399 401 2
402 400 1
401 400 2
395 390 1
396 390 1
394 390 1
393 390 1
397 390 1
395 391 1
396 391 1
394 391 1
393 391 1
397 391 1
390 391 2
395 392 1
396 392 1
394 392 1
393 392 1
397 392 1
390 392 2
389 388 1
389 403 1
405 403 1
388 403 2
134 140 2
134 139 2
143 138 1
141 138 2
141 137 2
142 136 2
146 145 1
144 145 2
144 146 2
145 135 1
144 135 2
143 141 1
143 142 1
146 144 1
142 144 2
366 365 1
364 365 2
364 366 2
365 368 1
364 368 2
366 364 1
368 363 1
364 363 2
368 367 1
363 367 2
352 351 1
350 351 2
350 352 2
351 349 1
350 349 2
352 350 1
349 348 1
350 348 2
347 346 1
345 346 2
341 344 1
339 344 2
345 347 2
346 342 1
345 342 2
341 340 1
340 339 2
344 343 1
339 343 2
347 345 1
343 345 2
285 284 1
283 284 2
286 287 2
283 285 2
285 283 1
286 283 2
287 282 1
284 282 1
283 282 2
149 150 2
148 147 1
148 151 1
288 289 2
155 154 1
155 156 1
158 157 2
253 254 1
251 254 2
253 251 1
254 252 1
253 252 1
249 250 1
247 250 2
249 247 1
250 248 1
249 248 1
291 290 1
189 188 1
332 331 1
330 331 2
330 332 2
331 329 1
330 329 2
332 330 1
330 333 2
362 361 1
360 361 2
360 362 2
361 359 1
360 359 2
362 360 1
255 256 2
273 274 2
159 160 1
164 160 2
159 161 1
165 161 2
161 163 1
160 163 1
162 163 1
159 163 1
164 165 2
369 371 1
370 371 1
337 336 1
335 336 2
335 337 2
336 334 1
335 334 2
334 338 1
335 338 2
337 335 1
277 276 1
275 276 2
281 280 1
275 280 2
281 278 1
278 279 1
275 277 2
277 275 1
279 275 1
214 213 1
212 213 2
216 217 1
220 217 1
215 217 1
219 217 2
222 218 1
220 218 1
215 218 1
216 218 1
209 218 2
212 214 2
213 215 1
212 215 2
215 220 1
212 220 2
215 222 1
212 222 2
214 212 1
222 221 1
212 221 2
220 219 1
221 219 2
211 210 1
219 210 2
220 209 1
222 209 1
221 209 2
418 416 1
414 416 2
411 412 2
419 417 1
415 417 2
414 418 2
416 408 1
414 408 2
408 421 1
414 421 2
415 419 2
417 409 1
415 409 2
409 420 1
415 420 2
413 410 1
410 411 2
418 414 1
411 414 2
419 415 1
411 415 2
314 320 1
313 320 2
311 323 1
315 323 1
321 314 2
322 328 2
328 316 1
327 316 2
316 326 1
327 326 2
311 310 1
323 321 1
314 313 1
321 313 2
323 322 1
328 327 1
322 327 2
326 325 1
327 325 2
326 324 1
325 324 2
319 317 1
312 317 2
319 318 1
312 318 2
309 308 1
307 308 2
307 309 2
308 305 1
307 305 2
305 306 1
307 306 2
309 307 1
382 379 1
376 379 2
383 380 1
377 380 2
384 381 1
378 381 2
376 382 2
377 383 2
378 384 2
382 376 1
383 377 1
384 378 1
375 374 1
373 372 1
387 386 1
386 385 1
245 244 1
243 244 2
243 245 2
244 241 1
243 241 2
241 242 1
243 242 2
245 243 1
242 246 1
243 246 2
233 232 1
231 232 2
231 233 2
232 229 1
231 229 2
229 230 1
231 230 2
233 231 1
230 234 1
231 234 2
227 226 1
225 226 2
225 227 2
226 223 1
225 223 2
223 224 1
225 224 2
227 225 1
224 228 1
225 228 2
239 238 1
237 238 2
237 239 2
238 235 1
237 235 2
235 236 1
237 236 2
239 237 1
236 240 1
237 240 2
271 270 1
269 270 2
269 271 2
270 267 1
269 267 2
267 268 1
269 268 2
271 269 1
268 272 1
269 272 2
206 205 1
204 203 1
208 207 1
353 354 1
441 440 1
434 440 2
437 436 1
435 436 2
442 443 1
436 443 1
435 443 2
448 445 2
449 453 2
446 447 1
434 441 2
451 442 1
450 442 2
435 437 2
445 444 1
448 444 2
453 452 1
449 452 2
438 434 1
440 439 1
434 439 2
451 450 1
442 435 1
437 435 1
450 435 2
425 424 1
423 424 2
428 427 1
423 427 2
422 428 1
428 426 1
423 425 2
425 423 1
426 423 1
465 464 1
463 464 2
463 465 2
465 463 1
429 433 2
433 430 1
429 430 2
432 431 1
454 456 2
454 460 2
455 457 2
459 461 2
456 455 1
458 455 1
460 459 1
462 459 1
532 531 1
538 534 1
538 533 1
534 533 2
538 537 1
533 537 2
538 536 1
537 536 2
538 535 1
536 535 2
501 493 1
500 493 2
492 499 1
499 495 1
497 496 1
499 498 1
495 494 1
501 500 1
526 524 1
526 525 1
526 523 1
507 519 1
505 515 1
515 507 1
519 509 1
520 509 1
509 517 1
508 517 2
502 521 2
517 513 1
502 513 2
516 522 2
516 512 2
517 504 1
506 504 2
511 510 1
515 514 1
519 518 1
520 518 1
509 508 1
517 502 1
508 502 2
517 516 1
508 516 2
517 506 1
508 506 2
504 503 1
506 503 2
471 470 1
478 466 2
468 467 1
478 467 2
468 475 1
470 475 1
470 474 1
472 474 2
473 476 2
476 469 1
474 469 1
475 469 1
477 469 1
467 469 1
466 469 1
471 469 1
475 472 1
477 472 1
474 473 1
475 473 1
477 473 1
479 480 1
490 482 1
490 481 1
482 489 1
488 489 1
482 484 1
482 483 1
482 487 1
482 486 1
482 485 1
482 491 1
530 528 1
529 528 2
530 529 1
528 527 1
529 527 2
610 611 2
611 612 1
610 612 2
612 614 1
610 614 2
615 609 1
612 609 1
610 609 2
611 610 1
614 613 1
610 613 2
609 608 1
613 608 2
609 607 1
614 607 1
613 607 2
650 648 1
651 647 1
651 649 1
569 573 2
573 552 1
571 552 1
555 554 1
553 554 2
543 563 1
541 563 2
544 564 1
542 564 2
577 568 1
575 568 2
575 567 2
578 566 1
562 566 2
566 551 1
564 551 1
563 551 1
565 551 1
560 551 2
557 559 2
559 572 1
557 572 2
546 574 1
549 571 1
574 571 1
573 561 1
571 561 1
540 561 2
560 539 2
553 555 2
560 565 2
547 577 1
560 577 2
549 543 1
577 543 1
576 543 2
550 558 1
556 558 2
558 544 1
556 544 2
548 578 1
561 578 1
567 578 1
568 578 1
562 578 2
559 557 1
572 570 1
557 570 2
571 569 1
561 560 1
540 560 2
545 553 1
555 553 1
560 553 2
577 576 1
560 576 2
543 541 1
539 541 1
561 541 1
576 541 2
558 556 1
576 556 2
539 542 1
561 542 1
544 542 1
556 542 2
564 562 1
563 562 1
565 562 1
560 562 2
577 575 1
549 575 1
562 575 2
599 600 2
601 599 1
618 617 1
616 617 2
616 618 2
617 622 1
616 622 2
622 623 1
616 623 2
622 621 1
620 621 2
621 619 1
620 619 2
623 625 1
619 625 1
620 625 2
618 616 1
621 620 1
616 620 2
625 624 1
620 624 2
633 631 1
629 631 2
634 632 1
630 632 2
635 644 1
642 644 2
641 646 1
645 627 2
629 633 2
646 640 1
627 640 1
645 640 2
630 634 2
632 638 1
630 638 2
638 639 1
630 639 2
638 637 1
636 637 2
637 635 1
636 635 2
635 643 1
639 643 1
636 643 2
646 645 1
633 629 1
645 629 2
634 630 1
637 636 1
630 636 2
643 642 1
636 642 2
628 626 1
581 580 1
579 580 2
583 583 1
579 581 2
583 582 1
580 582 1
579 582 2
582 585 1
579 585 2
583 579 1
581 579 1
585 584 1
579 584 2
657 658 2
658 656 1
657 656 2
656 660 1
657 660 2
656 662 1
657 662 2
658 657 1
662 661 1
657 661 2
660 659 1
661 659 2
662 655 1
660 655 1
661 655 2
680 679 1
678 679 2
678 680 2
680 678 1
682 681 1
676 677 2
602 606 1
604 606 2
606 603 1
604 603 2
604 605 2
605 602 1
604 602 2
605 604 1
590 589 1
588 589 2
588 590 2
590 588 1
654 652 1
653 652 2
654 653 1
592 593 2
593 591 1
592 591 2
593 592 1
591 594 1
592 594 2
587 586 1
598 597 1
596 597 2
597 595 1
598 595 1
598 596 1
666 665 1
664 665 2
664 666 2
665 673 1
674 673 1
664 673 2
673 670 1
664 670 2
670 672 1
664 672 2
667 675 1
666 664 1
674 664 1
672 671 1
664 671 2
671 669 2
669 663 2
675 668 1

42 41 1
39 41 2
41 37 1
42 37 1
40 37 2
37 35 1
38 35 1
42 39 1
41 40 1
42 40 1
37 36 1
38 36 1
2 3 2
2 4 2
1 0 1
5 6 2
46 45 1
54 55 2
56 53 1
53 52 1
44 43 1
49 50 2
51 48 1
48 47 1
32 31 1
29 31 2
32 29 1
31 30 1
32 30 1
27 28 2
34 33 1
9 8 1
7 8 2
7 9 2
8 10 1
11 10 1
7 10 2
9 7 1
11 7 1
14 13 1
12 13 2
12 14 2
16 15 1
13 15 1
12 15 2
14 12 1
16 12 1
24 23 1
22 23 2
22 24 2
23 25 1
26 25 1
22 25 2
26 22 1
24 22 1
19 18 1
17 18 2
17 19 2
21 20 1
18 20 1
17 20 2
21 17 1
19 17 1

37 36 1
38 36 1
86 85 1
84 85 2
84 86 2
86 84 1
93 96 1
91 94 1
94 89 1
87 89 2
96 90 1
88 90 2
93 92 1
89 87 1
90 88 1
96 95 1
94 95 1
34 32 1
31 32 2
35 33 1
30 33 2
31 34 2
30 35 2
34 31 1
35 30 1
58 59 2
60 58 1
83 82 1
81 82 2
81 83 2
80 79 1
82 79 1
81 79 2
83 81 1
80 81 1
79 78 1
81 78 2
6 5 1
98 97 1
13 11 2
15 16 1
14 16 2
15 12 1
15 13 1
12 13 2
15 14 1
13 14 2
102 103 1
101 103 2
102 99 1
102 101 1
99 101 2
102 100 1
101 100 2
64 65 1
63 65 2
64 63 1
56 57 1
55 57 2
56 55 1
56 54 1
0 2 1
1 2 2
21 20 1
19 20 2
18 28 1
17 28 2
18 27 1
17 27 2
22 24 2
19 21 2
20 18 1
19 18 2
19 29 2
21 19 1
18 17 1
19 17 2
27 26 1
28 26 1
19 26 2
25 22 1
26 22 2
24 23 1
25 23 1
61 62 2
50 48 1
47 48 2
51 49 1
46 49 2
47 50 2
46 51 2
52 47 1
50 47 1
48 44 1
52 44 1
53 44 1
47 44 2
45 46 1
51 46 1
45 43 1
49 43 1
53 43 1
46 43 2
8 9 2
9 10 1
8 10 2
9 8 1
10 7 1
8 7 2
143 146 2
143 140 2
146 147 1
143 147 2
144 145 2
144 141 2
145 148 1
144 148 2
146 143 1
145 144 1
148 142 1
144 142 2
111 112 1
120 117 1
115 117 2
124 113 1
123 113 2
121 118 1
114 118 2
127 135 1
133 135 2
122 119 1
116 119 2
128 136 1
134 136 2
115 120 2
108 137 1
117 137 1
115 137 2
106 129 2
114 121 2
118 127 1
107 127 1
114 127 2
127 138 1
125 138 2
116 122 2
109 128 1
119 128 1
116 128 2
128 139 1
126 139 2
111 110 1
120 115 1
108 115 1
137 106 1
115 106 2
129 105 1
137 105 1
106 105 2
124 123 1
121 114 1
107 114 1
127 125 1
114 125 2
138 133 1
125 133 2
135 131 1
138 131 1
125 131 2
122 116 1
109 116 1
128 126 1
116 126 2
139 134 1
126 134 2
136 132 1
139 132 1
126 132 2
130 104 1
169 163 1
168 163 2
154 169 2
150 171 2
165 166 2
166 158 1
165 158 2
157 161 2
157 155 2
151 172 2
172 160 1
151 160 2
153 174 2
153 162 2
153 156 2
152 173 2
167 154 1
169 168 1
154 168 2
167 150 1
171 165 1
150 165 2
158 157 1
171 157 1
165 157 2
171 170 1
157 170 2
171 149 1
155 149 1
157 149 2
167 151 1
160 159 1
151 159 2
167 153 1
151 153 2
167 152 1
153 152 2
173 164 1
152 164 2
74 73 1
72 73 2
72 74 2
73 70 1
71 70 1
72 70 2
70 77 1
72 77 2
75 69 1
74 72 1
71 72 1
77 76 1
72 76 2
41 40 1
39 40 2
39 41 2
41 39 1
42 39 1
68 66 1
67 66 1
4 3 1

37 36 1
38 36 1
86 85 1
84 85 2
84 86 2
86 84 1
93 96 1
91 94 1
94 89 1
87 89 2
96 90 1
88 90 2
93 92 1
89 87 1
90 88 1
96 95 1
94 95 1
34 32 1
31 32 2
35 33 1
30 33 2
31 34 2
30 35 2
34 31 1
35 30 1
58 59 2
60 58 1
83 82 1
81 82 2
81 83 2
80 79 1
82 79 1
81 79 2
83 81 1
80 81 1
79 78 1
81 78 2
6 5 1
98 97 1
13 11 2
15 16 1
14 16 2
15 12 1
15 13 1
12 13 2
15 14 1
13 14 2
102 103 1
101 103 2
102 99 1
102 101 1
99 101 2
102 100 1
101 100 2
64 65 1
63 65 2
64 63 1
56 57 1
55 57 2
56 55 1
56 54 1
0 2 1
1 2 2
21 20 1
19 20 2
18 28 1
17 28 2
18 27 1
17 27 2
22 24 2
19 21 2
20 18 1
19 18 2
19 29 2
21 19 1
18 17 1
19 17 2
27 26 1
28 26 1
19 26 2
25 22 1
26 22 2
24 23 1
25 23 1
61 62 2
50 48 1
47 48 2
51 49 1
46 49 2
47 50 2
46 51 2
52 47 1
50 47 1
48 44 1
52 44 1
53 44 1
47 44 2
45 46 1
51 46 1
45 43 1
52 43 1
49 43 1
53 43 1
46 43 2
8 9 2
9 10 1
8 10 2
9 8 1
10 7 1
8 7 2
143 146 2
143 140 2
146 147 1
143 147 2
144 145 2
144 141 2
145 148 1
144 148 2
146 143 1
145 144 1
148 142 1
144 142 2
111 112 1
120 117 1
115 117 2
124 113 1
123 113 2
121 118 1
114 118 2
127 135 1
133 135 2
122 119 1
116 119 2
128 136 1
134 136 2
115 120 2
108 137 1
117 137 1
115 137 2
106 129 2
114 121 2
118 127 1
107 127 1
114 127 2
127 138 1
125 138 2
116 122 2
109 128 1
119 128 1
116 128 2
128 139 1
126 139 2
111 110 1
120 115 1
108 115 1
137 106 1
115 106 2
129 105 1
137 105 1
106 105 2
124 123 1
121 114 1
107 114 1
127 125 1
114 125 2
138 133 1
125 133 2
135 131 1
138 131 1
125 131 2
122 116 1
109 116 1
128 126 1
116 126 2
139 134 1
126 134 2
136 132 1
139 132 1
126 132 2
130 104 1
169 163 1
168 163 2
154 169 2
150 171 2
165 166 2
166 158 1
165 158 2
157 161 2
157 155 2
151 172 2
172 160 1
151 160 2
153 174 2
153 162 2
153 156 2
152 173 2
167 154 1
169 168 1
154 168 2
167 150 1
171 165 1
150 165 2
158 157 1
171 157 1
165 157 2
171 170 1
157 170 2
171 149 1
155 149 1
157 149 2
167 151 1
160 159 1
151 159 2
167 153 1
151 153 2
167 152 1
153 152 2
173 164 1
152 164 2
74 73 1
72 73 2
72 74 2
73 70 1
71 70 1
72 70 2
70 77 1
72 77 2
75 69 1
74 72 1
71 72 1
77 76 1
72 76 2
41 40 1
39 40 2
39 41 2
41 39 1
42 39 1
68 66 1
67 66 1
4 3 1

78 74 1
78 77 1
77 76 1
76 73 1
75 73 2
76 75 1
70 71 2
71 72 1
48 47 1
46 45 2
58 49 2
60 51 1
58 51 2
59 50 2
60 52 1
59 52 2
67 61 1
66 61 2
54 63 1
63 55 1
62 55 2
69 53 1
68 53 2
65 56 1
64 56 2
60 58 1
57 58 2
60 59 1
57 59 2
67 66 1
63 62 1
69 68 1
65 64 1
13 19 1
17 19 2
14 23 1
14 18 1
13 18 1
19 22 1
18 22 1
14 22 1
15 22 2
23 20 1
18 16 1
18 17 1
16 17 2
19 15 1
18 15 1
22 21 1
15 21 2
21 11 2
13 12 1
13 10 1
0 1 2
3 6 2
5 4 1
2 0 1
3 0 2
79 80 2
81 79 1
82 79 2
8 9 1
7 9 2
8 7 1
35 30 1
29 30 2
30 38 1
29 38 2
38 33 1
36 33 2
26 27 2
27 28 1
26 28 2
28 32 1
26 32 2
38 25 1
36 25 2
35 34 1
30 29 1
38 37 1
29 37 2
38 36 1
37 36 2
27 26 1
36 26 2
32 31 1
33 31 1
26 31 2
25 24 1
36 24 2
84 85 2
83 84 2
44 43 1
40 39 1
42 41 1

9 8 1
6 14 1
6 11 1
5 3 1
5 2 1
2 7 1
15 7 2
4 4 1
10 4 2
14 12 1
14 13 1
15 13 2
14 1 1
11 10 1
4 0 1
10 0 2
18 17 2
18 16 2
18 19 2
18 20 2
18 21 2
37 39 2
39 42 1
40 42 1
37 42 2
41 38 2
38 40 1
40 40 1
37 40 2
38 37 1
41 37 2
44 43 2
24 33 1
32 33 2
33 35 1
34 35 1
22 35 2
27 26 1
25 26 2
22 34 2
34 24 1
32 24 2
33 36 1
34 36 1
22 36 2
36 31 1
31 31 1
22 31 2
25 27 2
31 28 1
25 28 2
26 30 1
31 30 1
25 30 2
34 32 1
22 32 2
24 23 1
32 23 2
28 25 1
27 25 1
22 25 2
30 29 1
25 29 2
46 45 2
48 47 2
57 51 2
57 52 2
52 49 1
57 49 2
57 50 2
50 56 1
49 56 1
57 56 2
51 55 1
56 55 1
57 55 2
51 54 1
55 54 1
57 54 2
55 53 1
57 53 2
59 58 2
61 60 2
63 62 2
65 64 2
67 66 2
69 68 2
71 70 2

824 822 1
823 822 2
824 823 1
67 65 1
66 65 2
66 68 2
67 66 1
66 64 2
282 281 1
280 281 2
286 298 1
298 296 1
296 300 1
295 300 1
278 292 1
295 295 1
278 295 1
286 284 1
295 284 1
275 293 1
296 289 1
286 289 1
293 289 1
293 276 1
286 276 1
293 297 1
286 297 1
275 279 1
284 282 1
280 282 2
281 294 1
295 294 1
280 294 2
275 290 1
288 291 1
287 291 1
293 291 1
286 285 1
298 274 1
300 299 1
278 277 1
292 273 1
284 283 1
282 280 1
295 280 1
375 385 1
376 385 2
374 387 1
379 388 1
379 377 1
387 381 1
379 381 1
388 383 1
387 383 1
387 384 1
377 384 1
374 375 1
376 375 2
387 386 1
382 386 1
380 386 1
379 378 1
377 376 1
334 338 1
332 338 2
334 339 1
333 339 2
329 328 1
327 328 2
326 343 1
343 336 1
334 336 1
326 341 1
326 345 1
334 330 1
339 330 1
338 330 1
340 330 1
330 329 1
327 329 2
328 344 1
339 344 1
338 344 1
340 344 1
327 344 2
335 342 1
343 342 1
337 342 1
334 331 1
334 325 1
334 332 1
334 333 1
332 333 2
339 327 1
338 327 1
340 327 1
329 327 1
348 351 1
354 351 2
357 358 1
354 358 2
347 352 1
350 352 2
360 348 1
348 357 1
347 371 1
360 362 1
371 362 1
347 369 1
360 365 1
363 365 2
365 372 1
363 372 2
360 368 1
371 368 1
351 368 1
353 368 1
350 368 2
360 366 1
364 366 2
366 373 1
364 373 2
367 370 1
371 370 1
361 370 1
360 359 1
357 354 1
358 346 1
357 346 1
351 349 1
353 349 1
360 349 1
351 350 1
353 350 1
365 363 1
350 363 2
358 355 1
357 355 1
350 355 2
358 356 1
357 356 1
355 356 2
366 364 1
350 364 2
821 819 1
818 819 2
819 820 1
818 820 2
819 818 1
817 818 2
302 313 1
309 310 2
310 303 1
309 303 2
303 305 1
309 305 2
313 308 1
305 308 1
304 308 2
307 312 1
313 312 1
311 312 1
310 309 1
305 304 1
309 304 2
306 301 1
665 666 2
666 668 1
665 668 2
669 665 2
668 667 1
665 667 2
472 471 1
457 471 2
469 468 1
467 468 2
459 486 1
468 486 1
469 486 1
463 486 2
491 490 1
459 490 1
458 490 2
462 465 2
465 484 1
462 484 2
464 488 2
488 472 1
487 472 2
463 485 2
485 469 1
463 469 2
461 460 2
459 470 1
461 470 2
459 489 1
484 479 1
462 479 2
484 477 1
462 477 2
484 480 1
462 480 2
484 478 1
462 478 2
484 476 1
462 476 2
484 481 1
462 481 2
484 474 1
462 474 2
484 475 1
462 475 2
484 473 1
462 473 2
484 482 1
462 482 2
484 483 1
462 483 2
488 487 1
464 487 2
472 457 1
487 457 2
469 467 1
463 467 2
468 466 1
469 466 1
463 466 2
491 458 1
489 458 1
454 453 1
452 453 2
455 456 1
452 454 2
453 450 1
451 450 1
452 450 2
454 452 1
451 452 1
656 662 2
656 661 2
661 658 1
662 658 1
658 664 1
663 664 1
659 664 1
661 660 1
662 660 1
658 657 1
41 44 1
43 44 1
42 44 1
41 40 1
59 60 1
53 60 2
54 50 2
57 49 2
47 51 1
56 51 2
55 48 2
60 47 1
59 47 1
56 47 2
60 45 1
59 45 1
45 63 1
45 61 1
46 62 1
48 62 1
51 62 1
49 62 1
50 62 1
52 62 1
63 62 1
59 53 1
60 54 1
59 54 1
60 57 1
59 57 1
54 57 2
60 56 1
59 56 1
57 56 2
60 55 1
59 55 1
56 55 2
60 58 1
59 58 1
271 272 1
268 267 1
265 270 2
263 264 1
267 266 1
268 266 1
270 269 1
265 269 2
849 848 1
846 851 2
848 847 1
849 847 1
851 850 1
846 850 2
828 829 1
507 524 1
504 524 2
496 523 1
494 523 2
507 514 1
506 514 2
497 513 1
495 513 2
507 496 1
503 496 2
522 492 2
492 530 1
522 530 2
492 500 1
522 500 2
530 521 1
523 521 1
524 521 1
525 521 1
492 521 1
500 521 1
522 521 2
500 510 1
507 510 1
530 510 1
492 510 1
522 510 2
492 518 1
522 518 2
530 498 1
507 498 1
522 498 2
522 517 2
522 508 2
508 526 1
530 526 1
517 526 1
522 526 2
507 497 1
505 497 2
512 493 2
493 531 1
512 531 2
493 501 1
512 501 2
501 520 1
531 520 1
507 520 1
493 520 1
512 520 2
501 511 1
531 511 1
513 511 1
514 511 1
515 511 1
493 511 1
512 511 2
493 519 1
512 519 2
513 499 1
514 499 1
515 499 1
531 499 1
512 499 2
512 516 2
512 509 2
516 527 1
509 527 1
531 527 1
512 527 2
507 502 1
507 504 1
507 503 1
504 503 2
496 494 1
503 494 2
523 522 1
524 522 1
525 522 1
522 528 2
507 506 1
507 505 1
506 505 2
497 495 1
505 495 2
513 512 1
514 512 1
515 512 1
512 529 2
597 596 1
793 792 1
791 792 2
779 786 1
790 776 1
779 793 1
776 772 1
772 788 1
784 783 1
784 789 1
772 781 1
772 780 1
776 774 1
788 787 1
782 787 1
777 787 1
779 778 1
771 778 1
786 785 1
790 770 1
793 791 1
771 791 1
792 775 1
793 775 1
776 775 1
774 773 1
845 844 2
837 836 1
835 836 2
843 841 1
835 841 2
834 842 1
836 842 1
835 842 2
835 837 2
840 838 1
843 838 1
834 835 1
837 835 1
842 839 1
841 839 1
835 839 2
591 563 1
561 563 2
589 593 1
570 593 1
592 593 2
560 565 1
564 565 2
584 566 1
559 566 2
590 583 1
571 583 1
589 583 1
581 583 2
574 577 2
577 587 1
574 587 2
587 572 1
574 572 2
572 594 1
574 594 2
594 591 1
574 591 2
560 589 1
575 578 2
578 570 1
575 570 2
560 584 1
559 584 2
560 586 1
576 579 2
579 571 1
576 571 2
571 590 1
581 590 2
580 588 1
589 588 1
573 588 1
577 574 1
587 557 1
574 557 2
572 569 1
574 569 2
562 561 1
574 561 2
591 558 1
562 558 1
561 558 2
578 575 1
595 592 1
575 592 2
567 564 1
575 564 2
568 559 1
564 559 2
579 576 1
582 581 1
576 581 2
586 585 1
576 585 2
816 815 1
814 815 2
802 807 1
813 799 1
802 816 1
799 795 1
795 810 1
805 804 1
805 811 1
795 812 1
799 797 1
810 809 1
800 809 1
803 809 1
808 801 1
802 801 1
807 806 1
813 794 1
816 814 1
808 814 1
799 798 1
815 798 1
816 798 1
797 796 1
317 318 2
318 319 1
318 315 1
315 324 1
315 322 1
321 323 1
324 323 1
320 323 1
317 316 2
318 314 1
204 219 1
201 219 2
197 218 1
195 218 2
204 211 1
203 211 2
198 210 1
196 210 2
204 197 1
200 197 2
217 193 2
193 225 1
217 225 2
225 216 1
218 216 1
219 216 1
220 216 1
217 216 2
204 207 1
225 207 1
217 207 2
217 213 2
217 205 2
205 221 1
213 221 1
225 221 1
217 221 2
204 198 1
202 198 2
209 194 2
194 226 1
209 226 2
210 208 1
211 208 1
212 208 1
226 208 1
209 208 2
204 215 1
226 215 1
209 215 2
209 214 2
209 206 2
214 222 1
206 222 1
226 222 1
209 222 2
204 199 1
204 201 1
204 200 1
201 200 2
197 195 1
200 195 2
218 217 1
219 217 1
220 217 1
217 223 2
204 203 1
204 202 1
203 202 2
198 196 1
202 196 2
210 209 1
211 209 1
212 209 1
209 224 2
243 240 1
256 240 1
258 240 1
235 240 1
240 241 1
235 241 1
258 241 1
256 241 1
234 241 2
256 260 1
258 260 1
262 260 1
235 260 1
234 260 2
258 239 1
232 239 1
241 239 1
240 239 1
256 239 1
231 239 2
256 259 1
258 259 1
232 259 1
260 259 1
262 259 1
231 259 2
239 242 1
241 242 1
240 242 1
229 242 1
227 242 2
229 261 1
259 261 1
260 261 1
262 261 1
228 261 2
250 252 2
251 253 2
248 254 2
249 255 2
235 256 1
235 246 1
235 229 1
229 258 1
235 230 1
230 237 1
236 237 2
237 232 1
236 232 2
229 244 1
238 257 1
258 257 1
233 257 1
256 247 1
246 245 1
235 234 1
237 236 1
232 231 1
236 231 2
235 227 1
239 227 1
241 227 1
240 227 1
259 228 1
260 228 1
262 228 1
235 228 1
256 250 1
256 251 1
250 251 2
256 248 1
251 248 2
256 249 1
248 249 2
0 8 2
8 9 1
7 9 2
4 3 1
2 3 2
6 1 1
2 4 2
6 5 1
1 2 1
4 2 1
15 16 2
16 13 1
10 12 1
11 15 2
16 14 1
118 121 2
119 122 2
133 96 1
131 96 2
133 97 1
132 97 2
97 124 1
96 124 1
99 124 1
95 124 2
128 123 1
95 123 2
116 125 2
125 126 1
123 126 1
124 126 1
122 126 1
121 126 1
120 126 2
126 104 1
125 104 1
123 104 1
124 104 1
122 104 1
121 104 1
112 104 2
126 86 1
125 86 1
123 86 1
124 86 1
122 86 1
121 86 1
108 86 2
104 89 1
83 89 2
126 87 1
125 87 1
123 87 1
124 87 1
122 87 1
121 87 1
109 87 2
126 88 1
125 88 1
123 88 1
124 88 1
122 88 1
121 88 1
110 88 2
102 101 1
100 101 2
137 137 1
117 137 2
117 133 2
117 99 2
95 128 2
125 98 1
123 98 1
124 98 1
122 98 1
121 98 1
126 111 1
125 111 1
123 111 1
124 111 1
122 111 1
121 111 1
98 114 1
98 130 1
98 81 1
81 135 1
93 134 1
105 134 1
103 134 1
135 134 1
88 94 1
87 94 1
89 94 1
86 94 1
90 94 1
130 139 1
94 139 1
93 139 1
100 102 2
81 91 1
81 140 1
81 141 1
140 141 1
135 106 1
88 106 1
87 106 1
89 106 1
86 106 1
90 106 1
113 106 2
88 107 1
87 107 1
89 107 1
86 107 1
90 107 1
135 107 1
85 107 2
115 115 1
81 115 1
85 115 2
115 138 1
138 138 1
85 138 2
118 119 2
119 117 2
137 136 1
117 136 2
137 92 1
136 92 2
133 131 1
117 131 2
133 132 1
131 132 2
97 95 1
96 95 1
99 95 1
117 95 2
128 127 1
95 127 2
117 116 2
125 80 1
123 80 1
124 80 1
122 80 1
121 80 1
125 120 1
123 120 1
124 120 1
122 120 1
121 120 1
114 112 1
111 108 1
112 108 2
86 82 1
108 82 2
104 83 1
86 83 1
90 83 1
112 83 2
111 109 1
112 109 2
111 110 1
109 110 2
88 84 1
87 84 1
89 84 1
86 84 1
90 84 1
130 129 1
102 100 1
139 100 1
114 113 1
88 85 1
87 85 1
89 85 1
86 85 1
90 85 1
113 85 2
832 833 1
832 830 1
833 831 1
617 618 1
616 604 1
604 612 1
614 612 1
598 607 1
598 599 1
598 610 1
598 609 1
598 600 1
606 608 1
605 608 1
609 608 1
614 613 1
619 615 1
616 615 1
614 615 1
620 615 1
604 601 1
604 602 1
612 611 1
618 611 1
604 603 1
611 603 2
769 768 2
768 767 1
769 767 2
766 760 1
765 760 2
737 734 1
765 734 2
730 739 1
765 739 2
751 719 1
723 719 2
724 738 1
723 738 2
716 761 1
723 761 2
717 735 1
723 735 2
726 733 1
756 733 2
742 766 1
742 737 1
765 730 2
766 747 1
764 747 2
737 748 1
764 748 2
747 716 1
746 716 2
748 717 1
746 717 2
716 751 1
746 751 2
717 752 1
746 752 2
751 724 1
750 724 2
752 725 1
750 725 2
722 755 1
743 753 1
755 753 1
749 753 1
722 728 1
742 727 1
755 727 1
755 758 1
761 758 1
760 758 1
762 758 1
755 732 1
735 732 1
734 732 1
736 732 1
761 757 1
760 757 1
762 757 1
715 757 2
735 731 1
734 731 1
736 731 1
715 731 2
722 726 1
756 726 2
753 744 1
756 744 2
744 745 1
756 745 2
722 754 1
718 754 2
722 721 1
718 721 2
721 741 1
722 741 1
718 741 2
766 763 1
737 763 1
766 765 1
737 765 1
730 729 1
765 729 2
766 764 1
737 764 1
765 764 2
748 746 1
747 746 1
764 746 2
751 750 1
752 750 1
716 750 1
717 750 1
746 750 2
724 723 1
725 723 1
750 723 2
761 759 1
760 759 1
762 759 1
735 759 1
734 759 1
736 759 1
757 756 1
738 756 1
739 756 1
740 756 1
731 756 1
715 756 2
719 718 1
720 718 1
27 28 1
24 25 1
24 26 1
25 26 1
705 707 1
670 707 2
671 706 2
706 708 1
695 708 2
708 704 1
706 704 1
699 704 2
704 703 1
699 703 2
703 701 1
708 701 1
706 701 1
697 701 2
701 700 1
696 700 2
700 702 1
701 702 1
703 702 1
708 702 1
706 702 1
698 702 2
702 680 1
700 680 1
701 680 1
703 680 1
708 680 1
706 680 1
707 680 1
705 680 1
683 682 1
681 682 2
680 694 1
680 713 1
692 713 2
680 678 1
680 677 1
677 712 1
678 683 1
677 685 1
680 676 1
690 676 2
676 674 1
690 674 2
676 710 1
690 710 2
680 684 1
693 684 2
693 709 2
684 675 1
693 675 2
684 714 1
693 714 2
686 711 1
687 711 1
712 711 1
705 670 1
707 671 1
705 671 1
706 695 1
671 695 2
708 699 1
706 699 1
671 699 2
703 697 1
708 697 1
706 697 1
671 697 2
701 696 1
697 696 2
700 698 1
701 698 1
703 698 1
708 698 1
706 698 1
671 698 2
702 672 1
700 672 1
701 672 1
703 672 1
708 672 1
706 672 1
707 672 1
705 672 1
694 689 1
680 679 1
689 679 2
694 692 1
689 692 2
713 673 1
692 673 2
694 688 1
692 688 2
683 681 1
694 690 1
694 691 1
690 691 2
694 693 1
691 693 2
438 429 1
433 429 1
436 429 2
438 431 1
436 431 2
438 430 1
437 430 2
407 406 1
405 406 2
414 413 1
412 413 2
397 448 1
448 396 1
421 416 1
448 416 1
394 447 1
408 443 1
415 443 1
447 443 1
397 438 1
434 433 1
437 433 2
405 407 2
416 426 1
406 426 1
405 426 2
430 432 1
431 432 1
429 432 1
394 432 1
405 432 2
426 420 1
405 420 2
426 393 1
417 393 2
393 402 1
417 402 2
402 400 1
417 400 2
402 398 1
400 398 1
417 398 2
417 442 2
412 414 2
413 424 1
416 424 1
412 424 2
424 425 1
412 425 2
417 444 2
402 409 1
447 409 1
444 409 1
417 409 2
442 411 1
410 411 2
411 435 1
410 435 2
393 441 1
417 441 2
394 427 1
427 427 1
439 427 2
428 428 1
394 428 1
440 428 2
426 449 1
419 449 2
449 404 1
419 404 2
394 403 1
422 403 2
397 390 1
448 389 1
396 395 1
397 391 1
434 437 1
438 437 1
433 436 1
438 436 1
437 436 2
407 405 1
416 405 1
446 445 1
426 445 1
405 445 2
420 418 1
405 418 2
420 417 1
418 417 2
414 412 1
416 412 1
417 412 2
424 423 1
412 423 2
425 399 1
400 399 1
398 399 1
412 399 2
411 410 1
417 410 2
446 392 1
435 392 1
410 392 2
441 439 1
417 439 2
441 440 1
439 440 2
420 419 1
417 419 2
404 401 1
419 401 2
426 422 1
419 422 2
653 646 1
652 646 2
653 649 1
652 649 2
633 644 2
633 648 2
647 640 1
637 640 1
643 640 2
634 653 2
632 655 1
655 636 1
648 636 1
649 636 1
650 636 1
644 647 1
646 647 1
645 647 1
643 647 2
636 637 1
643 637 2
632 651 1
638 651 2
641 654 1
635 654 1
655 654 1
653 652 1
634 652 2
644 642 1
646 642 1
645 642 1
648 642 1
649 642 1
650 642 1
644 643 1
646 643 1
645 643 1
640 638 1
639 638 1
74 78 2
78 76 1
74 76 2
78 79 1
73 79 2
79 77 1
73 77 2
79 71 1
78 71 1
75 74 1
76 73 1
75 73 1
71 69 1
71 70 1
77 72 1
76 72 1
75 72 1
624 623 1
623 621 1
621 631 1
631 626 1
623 626 1
621 628 1
621 629 1
625 630 1
627 630 1
631 630 1
623 622 1
554 556 1
535 556 2
547 534 1
549 534 2
547 550 1
543 550 2
542 544 2
544 548 1
542 548 2
548 540 1
542 540 2
533 553 1
543 545 2
545 539 1
543 539 2
533 547 1
547 547 1
543 547 2
539 555 1
553 555 1
543 555 2
539 536 1
538 536 2
533 554 1
535 554 2
541 552 1
546 552 1
553 552 1
544 542 1
548 532 1
542 532 2
540 537 1
542 537 2
545 543 1
539 538 1
543 538 2
536 535 1
538 535 2
551 549 1
543 549 2
191 158 1
155 158 2
146 156 1
155 156 2
144 166 1
165 166 2
166 174 1
165 174 2
144 173 1
165 173 2
173 159 1
174 159 1
154 159 2
144 150 1
154 150 2
144 161 1
154 161 2
161 151 1
154 151 2
168 169 1
186 169 1
184 169 2
172 171 1
170 171 2
144 183 1
176 177 1
192 180 1
179 180 2
180 186 1
179 186 2
186 190 1
185 190 2
190 191 1
176 191 1
192 191 1
183 191 1
144 191 1
177 191 1
185 191 2
144 146 1
155 146 2
183 147 1
186 147 1
144 147 1
184 147 2
170 172 2
143 145 1
171 145 1
170 145 2
188 188 1
145 188 1
170 188 2
188 178 1
187 178 2
181 182 1
175 182 1
183 182 1
180 179 1
186 185 1
179 185 2
152 148 1
185 148 2
168 142 1
148 142 2
190 189 1
185 189 2
157 153 1
189 153 2
164 163 1
185 163 2
157 155 1
185 155 2
152 149 1
185 149 2
157 154 1
149 154 2
167 165 1
154 165 2
186 184 1
185 184 2
161 160 1
162 160 1
172 170 1
143 170 1
188 187 1
170 187 2
35 38 1
29 38 2
33 37 1
36 37 2
31 34 1
33 30 1
32 30 2
30 35 1
29 35 2
33 32 1
30 29 1
32 29 2
38 36 1
39 36 1
825 827 1
826 827 2
826 825 2
21 17 2
20 20 1
21 20 2
17 19 1
18 19 2
19 23 1
18 23 2
19 18 1
21 18 2
23 22 1
18 22 2
852 853 1
1648 1645 1
1642 1645 1
1642 1647 1
1647 1644 1
1645 1644 1
1644 1649 1
1643 1646 1
1656 1653 1
1650 1653 1
1650 1655 1
1653 1652 1
1655 1652 1
1652 1657 1
1651 1654 1
1658 1661 1
1664 1661 1
1658 1663 1
1663 1660 1
1661 1660 1
1660 1665 1
1659 1662 1
1666 1668 1
1670 1668 1
1666 1669 1
1669 1667 1
1668 1667 1
1667 1671 1
1381 1378 1
1375 1378 1
1375 1380 1
1380 1377 1
1378 1377 1
1377 1382 1
1376 1379 1
1383 1386 1
1389 1386 1
1383 1388 1
1386 1385 1
1388 1385 1
1385 1390 1
1384 1387 1
1391 1394 1
1397 1394 1
1391 1396 1
1396 1393 1
1394 1393 1
1393 1398 1
1392 1395 1
1419 1414 1
1411 1414 1
1411 1417 1
1411 1418 1
1417 1413 1
1414 1413 1
1418 1413 1
1413 1420 1
1420 1410 1
1409 1410 2
1410 1416 1
1409 1416 2
1412 1415 1
1410 1409 1
1416 1408 1
1409 1408 2
1432 1427 1
1424 1427 1
1424 1430 1
1424 1431 1
1430 1426 1
1427 1426 1
1431 1426 1
1426 1433 1
1433 1423 1
1422 1423 2
1423 1429 1
1422 1429 2
1425 1428 1
1423 1422 1
1429 1421 1
1422 1421 2
1678 1675 1
1672 1675 1
1672 1677 1
1677 1674 1
1675 1674 1
1674 1679 1
1673 1676 1
1686 1683 1
1680 1683 1
1680 1685 1
1685 1682 1
1683 1682 1
1682 1687 1
1681 1684 1
1151 1148 1
1145 1148 1
1145 1150 1
1148 1147 1
1150 1147 1
1147 1152 1
1146 1149 1
1317 1314 1
1311 1314 1
1311 1316 1
1314 1313 1
1316 1313 1
1313 1318 1
1312 1315 1
1319 1322 1
1325 1322 1
1319 1324 1
1322 1321 1
1324 1321 1
1321 1326 1
1320 1323 1
1509 1505 1
1502 1505 1
1502 1507 1
1507 1508 1
1502 1508 1
1508 1504 1
1507 1504 1
1505 1504 1
1504 1510 1
1503 1506 1
1516 1514 1
1511 1514 1
1514 1513 1
1511 1513 1
1518 1513 1
1513 1517 1
1512 1515 1
854 857 1
861 857 1
854 859 1
854 860 1
859 860 1
859 856 1
857 856 1
860 856 1
856 862 1
855 858 1
868 866 1
863 866 1
866 865 1
863 865 1
865 869 1
864 867 1
870 873 1
875 873 1
873 872 1
870 872 1
872 876 1
871 874 1
877 880 1
882 880 1
880 879 1
877 879 1
879 883 1
878 881 1
884 887 1
889 887 1
884 886 1
887 886 1
886 890 1
885 888 1
891 894 1
896 894 1
891 893 1
894 893 1
893 897 1
892 895 1
903 901 1
898 901 1
901 900 1
898 900 1
900 904 1
899 902 1
1237 1234 1
1231 1234 1
1231 1236 1
1236 1233 1
1234 1233 1
1233 1238 1
1232 1235 1
1239 1242 1
1245 1242 1
1239 1244 1
1242 1241 1
1244 1241 1
1241 1246 1
1240 1243 1
1253 1250 1
1247 1250 1
1247 1252 1
1252 1249 1
1250 1249 1
1249 1254 1
1248 1251 1
1261 1258 1
1255 1258 1
1255 1260 1
1258 1257 1
1260 1257 1
1257 1262 1
1256 1259 1
1263 1266 1
1269 1266 1
1263 1268 1
1266 1265 1
1268 1265 1
1265 1270 1
1264 1267 1
1303 1306 1
1309 1306 1
1303 1308 1
1306 1305 1
1308 1305 1
1305 1310 1
1304 1307 1
1277 1274 1
1271 1274 1
1271 1276 1
1274 1273 1
1276 1273 1
1273 1278 1
1272 1275 1
1287 1290 1
1293 1290 1
1287 1292 1
1290 1289 1
1292 1289 1
1289 1294 1
1288 1291 1
1285 1282 1
1279 1282 1
1279 1284 1
1282 1281 1
1284 1281 1
1281 1286 1
1280 1283 1
1301 1298 1
1295 1298 1
1295 1300 1
1300 1297 1
1298 1297 1
1297 1302 1
1296 1299 1
1221 1218 1
1215 1218 1
1215 1220 1
1220 1217 1
1218 1217 1
1217 1222 1
1216 1219 1
1229 1226 1
1223 1226 1
1223 1228 1
1226 1225 1
1228 1225 1
1225 1230 1
1224 1227 1
1159 1156 1
1153 1156 1
1153 1158 1
1158 1155 1
1156 1155 1
1155 1160 1
1154 1157 1
1057 1060 1
1063 1060 1
1057 1062 1
1060 1059 1
1062 1059 1
1059 1064 1
1058 1061 1
1071 1068 1
1065 1068 1
1065 1070 1
1068 1067 1
1070 1067 1
1067 1072 1
1066 1069 1
1079 1076 1
1073 1076 1
1073 1078 1
1076 1075 1
1078 1075 1
1075 1080 1
1074 1077 1
1081 1084 1
1087 1084 1
1081 1086 1
1084 1083 1
1086 1083 1
1083 1088 1
1082 1085 1
1095 1092 1
1089 1092 1
1089 1094 1
1094 1091 1
1092 1091 1
1091 1096 1
1090 1093 1
1103 1100 1
1097 1100 1
1097 1102 1
1100 1099 1
1102 1099 1
1099 1104 1
1098 1101 1
1105 1108 1
1111 1108 1
1105 1110 1
1108 1107 1
1110 1107 1
1107 1112 1
1106 1109 1
1113 1116 1
1119 1116 1
1113 1118 1
1118 1115 1
1116 1115 1
1115 1120 1
1114 1117 1
1127 1124 1
1121 1124 1
1121 1126 1
1124 1123 1
1126 1123 1
1123 1128 1
1122 1125 1
1129 1132 1
1135 1132 1
1129 1134 1
1134 1131 1
1132 1131 1
1131 1136 1
1130 1133 1
1137 1140 1
1143 1140 1
1137 1142 1
1140 1139 1
1142 1139 1
1139 1144 1
1138 1141 1
913 916 1
919 916 1
913 918 1
918 915 1
916 915 1
915 920 1
914 917 1
927 924 1
921 924 1
921 926 1
924 923 1
926 923 1
923 928 1
922 925 1
1009 1012 1
1015 1012 1
1009 1014 1
1012 1011 1
1014 1011 1
1011 1016 1
1010 1013 1
935 932 1
929 932 1
929 934 1
932 931 1
934 931 1
931 936 1
930 933 1
911 908 1
905 908 1
905 910 1
908 907 1
910 907 1
907 912 1
906 909 1
937 940 1
943 940 1
937 942 1
942 939 1
940 939 1
939 944 1
938 941 1
951 948 1
945 948 1
945 950 1
948 947 1
950 947 1
947 952 1
946 949 1
953 956 1
959 956 1
953 958 1
958 955 1
956 955 1
955 960 1
954 957 1
967 964 1
961 964 1
961 966 1
964 963 1
966 963 1
963 968 1
962 965 1
975 972 1
969 972 1
969 974 1
974 971 1
972 971 1
971 976 1
970 973 1
983 980 1
977 980 1
977 982 1
982 979 1
980 979 1
979 984 1
978 981 1
991 988 1
985 988 1
985 990 1
988 987 1
990 987 1
987 992 1
986 989 1
993 996 1
999 996 1
993 998 1
996 995 1
998 995 1
995 1000 1
994 997 1
1001 1004 1
1007 1004 1
1001 1006 1
1004 1003 1
1006 1003 1
1003 1008 1
1002 1005 1
1607 1604 1
1601 1604 1
1601 1606 1
1604 1603 1
1606 1603 1
1603 1608 1
1602 1605 1
1609 1612 1
1615 1612 1
1609 1614 1
1612 1611 1
1614 1611 1
1611 1616 1
1610 1613 1
1617 1620 1
1623 1620 1
1617 1625 1
1617 1621 1
1625 1619 1
1620 1619 1
1621 1619 1
1619 1624 1
1618 1622 1
1525 1522 1
1519 1522 1
1519 1524 1
1524 1521 1
1522 1521 1
1521 1526 1
1520 1523 1
1527 1530 1
1533 1530 1
1527 1532 1
1530 1529 1
1532 1529 1
1529 1534 1
1528 1531 1
1535 1538 1
1541 1538 1
1535 1540 1
1540 1537 1
1538 1537 1
1537 1542 1
1536 1539 1
1543 1546 1
1549 1546 1
1543 1548 1
1546 1545 1
1548 1545 1
1545 1550 1
1544 1547 1
1557 1554 1
1551 1554 1
1551 1556 1
1556 1553 1
1554 1553 1
1553 1558 1
1552 1555 1
1559 1562 1
1565 1562 1
1559 1567 1
1559 1563 1
1567 1561 1
1562 1561 1
1563 1561 1
1561 1566 1
1560 1564 1
1568 1571 1
1574 1571 1
1568 1573 1
1571 1570 1
1573 1570 1
1570 1575 1
1569 1572 1
1576 1579 1
1582 1579 1
1576 1584 1
1576 1580 1
1584 1578 1
1579 1578 1
1580 1578 1
1578 1583 1
1577 1581 1
1640 1637 1
1634 1637 1
1634 1639 1
1637 1636 1
1639 1636 1
1636 1641 1
1635 1638 1
1627 1629 1
1632 1629 1
1627 1631 1
1631 1628 1
1629 1628 1
1628 1633 1
1626 1630 1
1591 1588 1
1585 1588 1
1585 1590 1
1590 1587 1
1588 1587 1
1587 1592 1
1586 1589 1
1593 1596 1
1599 1596 1
1593 1598 1
1596 1595 1
1598 1595 1
1595 1600 1
1594 1597 1
1327 1330 1
1333 1330 1
1327 1332 1
1332 1329 1
1330 1329 1
1329 1334 1
1328 1331 1
1341 1338 1
1335 1338 1
1335 1340 1
1340 1337 1
1338 1337 1
1337 1342 1
1336 1339 1
1349 1346 1
1343 1346 1
1343 1348 1
1346 1345 1
1348 1345 1
1345 1350 1
1344 1347 1
1351 1354 1
1357 1354 1
1351 1356 1
1356 1353 1
1354 1353 1
1353 1358 1
1352 1355 1
1359 1362 1
1365 1362 1
1359 1364 1
1364 1361 1
1362 1361 1
1361 1366 1
1360 1363 1
1367 1370 1
1373 1370 1
1367 1372 1
1370 1369 1
1372 1369 1
1369 1374 1
1368 1371 1
1168 1164 1
1161 1164 1
1161 1167 1
1166 1166 1
1164 1163 1
1167 1163 1
1166 1163 1
1163 1169 1
1162 1165 1
1177 1173 1
1170 1173 1
1170 1176 1
1175 1175 1
1176 1172 1
1173 1172 1
1175 1172 1
1172 1178 1
1171 1174 1
1186 1182 1
1179 1182 1
1179 1185 1
1184 1184 1
1184 1181 1
1182 1181 1
1185 1181 1
1181 1187 1
1180 1183 1
1188 1191 1
1195 1191 1
1188 1194 1
1193 1193 1
1193 1190 1
1191 1190 1
1194 1190 1
1190 1196 1
1189 1192 1
1197 1200 1
1204 1200 1
1197 1203 1
1202 1202 1
1200 1199 1
1203 1199 1
1202 1199 1
1199 1205 1
1198 1201 1
1213 1209 1
1206 1209 1
1206 1212 1
1211 1211 1
1211 1208 1
1212 1208 1
1209 1208 1
1208 1214 1
1207 1210 1
1466 1469 1
1472 1469 1
1466 1471 1
1469 1468 1
1471 1468 1
1468 1473 1
1467 1470 1
1480 1477 1
1474 1477 1
1474 1479 1
1479 1476 1
1477 1476 1
1476 1481 1
1475 1478 1
1490 1492 1
1494 1492 1
1490 1493 1
1492 1491 1
1493 1491 1
1491 1495 1
1500 1498 1
1496 1498 1
1496 1499 1
1498 1497 1
1499 1497 1
1497 1501 1
1488 1485 1
1482 1485 1
1482 1487 1
1487 1484 1
1485 1484 1
1484 1489 1
1483 1486 1
1457 1460 1
1464 1460 1
1457 1462 1
1457 1463 1
1460 1459 1
1462 1459 1
1463 1459 1
1459 1465 1
1458 1461 1
1443 1445 1
1448 1445 1
1443 1447 1
1446 1446 1
1447 1444 1
1445 1444 1
1446 1444 1
1444 1449 1
1455 1452 1
1450 1452 1
1450 1454 1
1453 1453 1
1454 1451 1
1452 1451 1
1453 1451 1
1451 1456 1
1441 1437 1
1434 1437 1
1434 1440 1
1439 1439 1
1437 1436 1
1440 1436 1
1439 1436 1
1436 1442 1
1435 1438 1
1399 1402 1
1406 1402 1
1399 1404 1
1399 1405 1
1402 1401 1
1404 1401 1
1405 1401 1
1401 1407 1
1400 1403 1
1055 1052 1
1049 1052 1
1049 1054 1
1052 1051 1
1054 1051 1
1051 1056 1
1050 1053 1
1023 1020 1
1017 1020 1
1017 1022 1
1022 1019 1
1020 1019 1
1019 1024 1
1018 1021 1
1031 1028 1
1025 1028 1
1025 1030 1
1028 1027 1
1030 1027 1
1027 1032 1
1026 1029 1
1033 1036 1
1039 1036 1
1033 1038 1
1038 1035 1
1036 1035 1
1035 1040 1
1034 1037 1
1047 1044 1
1041 1044 1
1041 1046 1
1046 1043 1
1044 1043 1
1043 1048 1
1042 1045 1
1689 1698 1
1690 1699 1
1691 1700 1
1692 1701 1
1693 1702 1
1694 1703 1
1695 1704 1
1688 1697 1
1706 1697 1
1708 1705 1
1688 1705 1
1697 1696 1
1705 1696 1
1708 1696 1
1696 1707 1
1710 1719 1
1711 1720 1
1712 1721 1
1713 1722 1
1714 1723 1
1715 1724 1
1716 1725 1
1727 1718 1
1709 1718 1
1729 1726 1
1709 1726 1
1726 1717 1
1718 1717 1
1729 1717 1
1717 1728 1
1731 1740 1
1732 1741 1
1733 1742 1
1734 1743 1
1735 1744 1
1736 1745 1
1737 1746 1
1748 1739 1
1730 1739 1
1730 1747 1
1750 1747 1
1739 1738 1
1750 1738 1
1747 1738 1
1738 1749 1
1752 1761 1
1753 1762 1
1754 1763 1
1755 1764 1
1756 1765 1
1757 1766 1
1758 1767 1
1769 1760 1
1751 1760 1
1751 1768 1
1771 1768 1
1768 1759 1
1760 1759 1
1771 1759 1
1759 1770 1

120 121 1
118 121 2
124 123 1
122 123 2
123 130 1
127 130 1
122 130 2
118 128 2
128 120 1
118 120 2
119 127 2
127 126 1
126 126 1
119 126 2
126 129 1
119 129 2
122 124 2
126 125 1
119 125 2
126 122 1
124 122 1
119 122 2
135 134 1
133 134 2
132 138 1
134 138 1
133 138 2
132 136 1
136 136 1
136 137 1
133 135 2
139 131 1
136 131 1
136 133 1
135 133 1
142 141 1
140 141 2
141 145 1
140 145 2
143 143 1
143 144 1
140 142 2
143 140 1
142 140 1
20 19 1
15 14 1
0 14 2
14 12 1
15 12 1
1 12 2
14 16 1
15 16 1
2 16 2
14 17 1
15 17 1
3 17 2
7 8 1
6 8 2
17 18 1
16 18 1
12 18 1
14 18 1
15 18 1
6 18 2
18 13 1
6 13 2
9 10 1
5 10 2
10 11 1
9 11 1
4 11 2
1 2 2
2 3 2
7 6 1
8 5 1
6 5 2
8 4 1
6 4 2
21 33 2
30 29 1
28 29 2
29 24 1
28 24 2
24 26 1
28 26 2
26 22 1
27 22 1
25 22 2
21 32 2
28 30 2
32 31 1
21 31 2
30 28 1
26 25 1
27 25 1
23 25 1
34 46 2
43 42 1
41 42 2
42 37 1
41 37 2
37 39 1
41 39 2
39 35 1
40 35 1
38 35 2
34 45 2
41 43 2
45 44 1
34 44 2
43 41 1
39 38 1
40 38 1
36 38 1
83 88 1
80 88 2
62 58 1
56 58 2
73 89 1
58 89 1
56 89 2
80 100 2
100 106 1
85 99 1
78 99 1
84 99 2
106 101 1
84 101 2
109 93 2
82 95 1
81 95 2
63 59 1
57 59 2
59 97 1
67 97 1
78 97 1
57 97 2
101 103 1
106 103 1
81 103 2
117 115 1
114 115 2
78 108 1
117 108 1
114 108 2
117 116 1
115 116 1
114 116 2
106 105 1
114 105 2
114 92 2
108 112 1
107 112 1
51 112 1
50 112 2
78 98 1
112 98 1
111 98 1
117 98 1
109 98 2
105 102 1
106 102 1
109 102 2
109 94 2
113 96 1
49 96 2
102 104 1
49 104 2
64 60 1
54 60 2
92 52 1
53 52 1
47 52 2
65 61 1
55 61 2
75 74 1
52 74 1
92 74 1
48 74 2
86 87 2
90 91 2
73 83 1
72 83 2
56 62 2
109 85 2
109 67 2
67 82 1
66 82 2
57 63 2
110 117 1
109 117 2
109 111 2
109 77 2
78 51 1
77 51 1
76 51 2
49 113 2
69 69 1
79 69 2
54 64 2
54 70 2
60 53 1
54 53 2
55 65 2
55 71 2
61 75 1
55 75 2
73 72 1
83 80 1
72 80 2
62 56 1
83 56 1
80 56 2
110 109 1
85 84 1
109 84 2
67 66 1
109 66 2
82 81 1
66 81 2
63 57 1
82 57 1
81 57 2
117 114 1
109 114 2
77 76 1
109 76 2
51 50 1
76 50 2
117 49 1
109 49 2
69 68 1
79 68 2
70 54 1
64 54 1
68 54 2
53 47 1
54 47 2
71 55 1
65 55 1
68 55 2
75 48 1
55 48 2
169 170 1
168 170 2
165 163 1
161 163 2
163 158 1
155 158 2
163 148 1
161 148 2
146 151 1
152 151 1
173 151 2
152 150 1
159 150 2
150 149 1
152 149 1
153 149 2
152 171 1
161 171 2
166 164 1
162 164 2
167 169 2
168 174 2
160 160 1
168 160 2
168 157 2
161 165 2
163 146 1
161 146 2
174 154 1
146 154 1
161 154 2
154 172 1
146 172 1
161 172 2
146 152 1
172 152 1
161 152 2
158 166 1
157 166 1
162 166 2
164 147 1
162 147 2
169 168 1
167 168 2
165 161 1
169 161 1
168 161 2
146 155 1
157 155 1
161 155 2
174 173 1
161 173 2
160 159 1
161 159 2
154 153 1
161 153 2
158 156 1
157 156 1
168 156 2
169 162 1
166 162 1
156 162 2
216 215 1
253 215 2
214 226 1
208 226 1
179 226 2
229 228 1
220 228 2
208 227 1
214 227 1
180 227 2
256 254 1
211 254 2
254 255 1
256 255 1
210 255 2
252 239 1
247 239 2
252 233 1
257 233 2
203 198 1
193 198 2
181 224 1
214 224 1
178 224 2
181 225 1
214 225 1
177 225 2
214 240 1
181 240 1
208 240 1
197 240 2
198 235 1
240 235 1
231 235 2
181 209 1
193 209 2
184 250 1
182 250 2
250 187 1
248 187 2
204 199 1
195 199 2
199 190 1
184 190 1
195 190 2
209 245 1
208 245 1
214 245 1
175 245 2
215 217 1
216 217 1
218 217 2
276 270 1
269 270 2
276 260 1
269 260 2
276 271 1
270 271 1
269 271 2
271 272 1
276 272 1
267 272 2
276 273 1
272 273 1
268 273 2
272 274 1
276 274 1
268 274 2
230 238 1
268 238 2
230 232 1
258 232 2
205 200 1
194 200 2
200 236 1
194 236 2
260 246 1
259 246 1
276 246 1
218 246 2
274 275 1
273 275 1
271 275 1
276 275 1
176 275 2
263 189 1
176 189 2
251 188 1
249 188 2
206 201 1
196 201 2
185 191 1
201 191 1
196 191 2
243 241 1
264 241 2
260 242 1
259 242 1
207 202 1
192 202 2
243 261 1
192 261 2
218 214 2
218 229 2
218 208 2
218 256 2
228 252 1
229 252 1
255 252 1
254 252 1
256 252 1
218 252 2
247 181 2
193 203 2
218 184 2
195 204 2
219 276 1
265 276 1
218 276 2
268 262 2
262 230 1
268 230 2
194 205 2
176 263 2
176 185 2
185 251 1
183 251 2
196 206 2
188 243 1
189 243 1
187 243 1
186 243 1
217 243 1
215 243 1
216 243 1
238 243 1
239 243 1
237 243 1
246 243 1
245 243 1
244 243 1
192 207 2
260 212 1
259 212 1
212 212 1
192 212 2
219 218 1
214 179 1
208 179 1
223 179 1
218 179 2
226 220 1
223 220 1
179 220 2
226 221 1
223 221 1
220 221 2
226 180 1
223 180 1
208 180 1
214 180 1
221 180 2
218 213 2
213 211 2
213 210 2
252 247 1
218 247 2
247 257 2
203 193 1
228 193 1
229 193 1
247 193 2
181 178 1
214 178 1
227 178 1
226 178 1
223 178 1
193 178 2
224 222 1
227 222 1
226 222 1
223 222 1
193 222 2
181 177 1
214 177 1
224 177 1
227 177 1
226 177 1
223 177 1
222 177 2
198 197 1
255 197 1
254 197 1
256 197 1
193 197 2
233 231 1
234 231 1
197 231 2
184 182 1
218 182 2
250 248 1
182 248 2
204 195 1
250 195 1
248 195 2
218 175 2
276 269 1
218 269 2
276 267 1
271 267 1
218 267 2
276 268 1
272 268 1
267 268 2
276 266 1
272 266 1
268 266 2
268 258 2
205 194 1
230 194 1
258 194 2
276 176 1
274 176 1
273 176 1
271 176 1
218 176 2
185 183 1
176 183 2
251 249 1
183 249 2
206 196 1
251 196 1
249 196 2
265 264 1
207 192 1
212 192 1
296 319 1
293 319 2
293 297 2
311 312 2
319 316 1
277 316 2
288 292 1
305 292 2
319 317 1
305 317 2
314 307 2
317 308 1
316 308 1
319 308 1
318 308 1
286 284 1
282 284 2
302 300 1
279 300 2
302 309 1
282 309 2
287 285 1
283 285 2
303 301 1
280 301 2
303 310 1
289 310 2
310 294 1
289 294 2
293 299 2
319 288 1
278 288 2
288 304 1
278 304 2
304 306 1
290 306 2
281 281 1
282 286 2
284 302 1
282 302 2
283 287 2
283 295 2
285 303 1
289 303 2
288 278 1
293 278 2
304 277 1
278 277 2
299 298 1
304 298 1
277 298 2
313 311 1
277 311 2
291 290 1
277 290 2
306 305 1
290 305 2
317 314 1
316 314 1
319 314 1
318 314 1
317 315 1
316 315 1
319 315 1
318 315 1
297 315 1
296 315 1
286 282 1
297 282 1
296 282 1
315 282 2
281 279 1
282 279 2
297 283 1
296 283 1
287 283 1
315 283 2
312 289 1
313 289 1
285 289 1
292 289 1
291 289 1
283 289 2
281 280 1
289 280 2
331 328 1
326 328 2
325 324 1
326 324 2
336 335 1
333 335 2
335 338 1
336 338 1
338 339 1
337 339 1
322 339 2
330 329 1
327 329 2
332 332 1
340 332 1
326 331 2
328 323 1
340 323 1
333 323 2
323 341 1
340 341 1
328 341 1
333 341 2
327 330 2
332 326 1
331 326 1
324 321 1
325 321 1
326 321 2
324 320 1
325 320 1
332 320 1
328 320 1
340 320 1
326 320 2
334 333 1
326 333 2
330 327 1
335 327 1
336 327 1
342 348 2
348 347 1
342 346 2
343 344 2
346 345 1
342 345 2
344 343 1
362 377 1
351 377 2
381 380 1
371 380 2
362 378 1
352 378 2
380 390 1
381 390 1
379 390 2
385 364 1
379 364 2
360 358 1
357 358 2
355 375 1
350 375 2
355 376 1
349 376 2
384 383 1
382 383 2
383 391 1
384 391 1
357 391 2
355 363 1
357 363 2
361 359 1
356 359 2
367 366 1
365 366 2
362 393 1
362 385 1
385 355 1
379 355 2
357 360 2
355 384 1
364 384 1
357 384 2
390 387 1
389 387 1
393 370 1
387 370 1
356 361 2
370 368 1
356 368 2
370 353 1
359 353 1
356 353 2
353 388 1
390 388 1
389 388 1
356 388 2
388 354 1
356 354 2
365 367 2
362 369 1
362 351 1
374 351 1
377 371 1
374 371 1
351 371 2
377 372 1
374 372 1
371 372 2
362 352 1
377 352 1
374 352 1
372 352 2
380 379 1
381 379 1
380 357 1
381 357 1
360 357 1
379 357 2
355 350 1
378 350 1
377 350 1
374 350 1
357 350 2
375 373 1
378 373 1
377 373 1
374 373 1
357 373 2
375 349 1
378 349 1
377 349 1
374 349 1
355 349 1
373 349 2
384 382 1
357 382 2
368 356 1
361 356 1
387 386 1
354 386 1
356 386 2
367 365 1
354 365 1
386 365 2
390 392 1
389 392 1
388 392 1
366 392 1
365 392 2
395 410 2
394 409 2
403 402 1
401 402 2
400 399 1
398 399 2
395 405 2
408 403 1
401 403 2
408 397 1
401 397 2
402 407 1
401 407 2
407 411 1
406 411 2
398 400 2
405 404 1
395 404 2
408 394 1
403 401 1
397 401 1
394 401 2
396 406 1
407 406 1
401 406 2
396 398 1
400 398 1
406 398 2
399 412 1
411 412 1
398 412 2
414 436 2
413 431 2
424 423 1
422 423 2
421 420 1
419 420 2
414 427 2
430 424 1
422 424 2
430 416 1
422 416 2
423 429 1
422 429 2
429 437 1
428 437 2
419 421 2
427 426 1
414 426 2
430 413 1
416 422 1
424 422 1
413 422 2
429 428 1
415 428 1
422 428 2
421 419 1
415 419 1
428 419 2
420 438 1
437 438 1
419 438 2
418 417 1
417 425 2
425 434 2
434 432 2
425 435 2
435 433 2
439 442 2
439 441 2
441 440 1
439 440 2
448 452 1
445 452 2
443 446 2
446 448 1
443 448 2
448 450 1
447 450 2
447 451 2
446 443 1
448 447 1
443 447 2
450 449 1
451 449 1
447 449 2
451 445 1
450 445 1
449 445 2
448 444 1
447 444 2
487 505 2
500 507 1
490 507 2
491 512 2
488 506 2
496 495 1
494 495 2
498 497 1
494 497 2
495 509 1
494 509 2
503 510 1
487 510 2
503 492 1
487 492 2
510 500 1
492 500 1
487 500 2
491 502 2
504 511 1
488 511 2
504 493 1
488 493 2
511 501 1
493 501 1
488 501 2
501 508 1
488 508 2
511 496 1
494 496 2
494 498 2
503 487 1
489 487 2
487 490 2
502 499 1
491 499 2
504 488 1
493 494 1
496 494 1
488 494 2
454 486 2
453 480 2
465 462 1
459 462 2
457 456 1
472 456 2
466 463 1
460 463 2
463 483 1
460 483 2
483 468 1
460 468 2
467 464 1
461 464 2
464 484 1
473 484 2
484 469 1
473 469 2
454 478 2
479 485 1
453 485 2
479 458 1
453 458 2
485 477 1
458 477 1
453 477 2
453 457 2
485 465 1
459 465 2
459 474 2
477 482 1
455 482 2
485 466 1
460 466 2
460 470 2
456 481 1
457 481 1
455 481 2
485 467 1
461 467 2
461 471 2
461 475 2
478 476 1
454 476 2
479 453 1
465 459 1
458 459 1
453 459 2
474 472 1
462 472 1
459 472 2
456 455 1
457 455 1
453 455 2
458 460 1
466 460 1
455 460 2
467 461 1
458 461 1
455 461 2
475 473 1
464 473 1
461 473 2
515 532 1
529 521 2
524 520 1
523 520 2
523 522 2
522 518 1
520 518 1
529 518 2
522 528 1
520 528 1
521 528 1
532 531 1
530 531 2
525 513 1
530 513 2
513 527 1
514 527 1
527 519 1
516 519 2
519 526 1
518 526 1
517 526 1
529 524 2
530 525 2
532 529 1
524 523 1
529 523 2
532 530 1
518 516 1
517 516 1
534 535 1
533 535 2
533 534 2
534 533 1
536 542 2
542 541 1
536 540 2
537 538 2
540 539 1
536 539 2
538 537 1
546 545 1
543 544 2
546 543 1
565 558 1
547 558 2
548 559 2
564 557 1
551 557 2
559 560 1
549 560 2
563 562 1
552 562 2
560 561 1
559 561 1
550 561 2
547 565 2
551 554 2
554 564 1
551 564 2
552 555 2
555 563 1
552 563 2
553 556 2
565 548 1
547 548 2
554 551 1
564 549 1
559 549 1
551 549 2
555 552 1
560 550 1
559 550 1
563 550 1
552 550 2
556 553 1
567 568 2
567 566 2
577 578 1
575 578 2
576 575 1
570 572 1
569 572 2
571 574 2
574 573 1
569 570 2
570 569 1
572 571 1
569 571 2
616 617 2
617 616 1
591 586 1
579 586 2
592 587 1
580 587 2
593 588 1
581 588 2
594 589 1
582 589 2
595 590 1
583 590 2
579 591 2
579 603 2
586 615 1
579 615 2
580 592 2
580 602 2
581 593 2
581 599 2
582 594 2
582 601 2
583 595 2
583 600 2
598 596 2
596 597 2
613 612 2
603 579 1
591 579 1
612 579 2
586 584 1
579 584 2
586 614 1
579 614 2
611 610 2
592 580 1
602 580 1
610 580 2
587 585 1
580 585 2
605 604 2
593 581 1
599 581 1
604 581 2
609 608 2
594 582 1
601 582 1
608 582 2
607 606 2
595 583 1
600 583 1
606 583 2

13 15 1
11 15 2
15 14 1
12 14 1
11 14 2
16 12 2
11 13 2
12 11 1
16 11 2
236 231 1
229 231 1
234 231 2
233 230 1
231 230 1
232 230 2
227 226 1
225 226 2
226 219 1
217 219 1
225 219 2
219 223 1
218 223 2
228 222 1
223 222 1
221 222 2
217 237 1
226 237 1
221 237 2
236 228 1
234 228 2
234 229 2
234 233 2
232 217 2
232 220 2
232 238 2
232 224 2
225 227 2
235 234 1
233 232 1
234 232 2
217 225 1
227 225 1
232 225 2
219 218 1
225 218 2
233 221 1
223 221 1
218 221 2
9 10 1
142 141 1
140 141 2
147 146 1
145 146 2
166 151 1
165 151 2
148 157 1
154 157 2
152 136 1
149 136 2
138 144 2
148 148 1
140 142 2
141 153 1
140 153 2
153 135 1
140 135 2
140 168 2
145 147 2
146 137 1
135 137 1
145 137 2
137 161 1
145 161 2
145 150 2
161 139 1
145 139 2
161 166 1
159 166 2
161 155 1
158 155 1
149 155 2
137 152 1
151 152 1
150 152 1
149 152 2
158 164 1
164 160 1
163 160 2
160 156 1
158 156 1
163 156 2
156 162 1
163 162 2
163 143 2
148 140 1
142 140 1
147 145 1
148 145 1
135 145 1
140 145 2
139 134 1
145 134 2
161 159 1
134 159 2
166 165 1
159 165 2
151 149 1
150 149 1
134 149 2
155 154 1
149 154 2
168 167 1
140 167 2
164 163 1
24 25 1
17 18 2
74 76 1
79 78 1
77 78 2
75 74 1
77 79 2
74 81 1
78 81 1
77 81 2
74 77 1
79 77 1
80 73 1
83 82 1
67 69 1
72 71 1
70 71 2
68 67 1
70 72 2
67 70 1
72 70 1
112 111 1
111 110 2
100 89 2
105 102 2
105 97 2
105 103 2
105 98 2
103 104 1
102 104 1
101 104 1
98 99 1
97 99 1
96 99 1
104 85 1
99 84 1
85 87 1
87 88 1
86 88 2
84 91 1
91 106 1
90 106 2
99 93 1
93 95 1
92 95 2
100 105 2
87 86 1
91 90 1
93 92 1
95 94 1
92 94 2
108 107 1
109 107 1
59 58 2
7 8 2
215 216 2
239 240 2
27 26 1
32 28 1
31 28 2
28 29 1
31 29 2
27 30 1
29 30 1
31 30 2
32 31 1
4 3 1
2 3 2
6 0 2
2 4 2
3 5 1
2 5 2
2 1 2
4 2 1
6 2 2
202 203 1
201 205 1
203 201 1
201 200 1
205 204 1
206 204 1
180 181 1
181 175 1
175 190 1
174 190 2
174 188 2
190 189 1
188 189 1
174 189 2
189 182 1
174 182 2
182 179 1
174 179 2
176 177 2
177 185 1
182 185 1
176 185 2
185 192 1
176 192 2
185 171 1
191 171 2
171 187 1
191 187 2
171 193 1
186 193 2
171 184 1
186 184 2
171 170 1
186 170 2
171 173 1
186 173 2
171 172 1
186 172 2
170 178 1
193 178 1
172 178 1
173 178 1
183 178 2
175 174 1
189 169 1
174 169 2
179 176 1
177 176 1
174 176 2
192 191 1
176 191 2
187 186 1
191 186 2
184 183 1
186 183 2
210 214 1
208 214 2
208 213 2
209 210 1
208 210 2
209 208 1
208 207 2
213 211 1
208 211 2
213 212 1
210 212 1
211 212 2
122 123 1
120 119 1
118 119 2
128 126 1
119 126 1
118 126 2
126 114 1
125 114 2
123 117 1
117 133 1
116 133 2
116 129 2
133 131 1
129 131 1
116 131 2
131 128 1
130 128 2
130 127 2
130 115 2
118 120 2
114 124 1
113 124 2
114 132 1
113 132 2
132 121 1
113 121 2
117 116 1
131 130 1
116 130 2
128 118 1
120 118 1
130 118 2
126 125 1
118 125 2
114 113 1
125 113 2
250 245 1
249 245 2
242 243 1
249 243 2
251 252 1
247 252 2
248 255 1
247 255 2
247 256 2
247 242 2
242 253 1
247 253 2
247 246 2
247 244 2
249 250 2
242 257 1
247 257 2
247 251 2
252 248 1
247 248 2
250 249 1
247 249 2
248 241 1
247 241 2
255 254 1
256 254 1
247 254 2
42 41 1
40 41 2
44 43 1
38 39 2
44 48 1
39 48 1
38 48 2
48 57 1
38 57 2
48 35 1
56 35 2
35 50 1
56 50 2
35 36 1
49 36 2
36 51 1
49 51 2
40 42 2
36 45 1
41 45 1
40 45 2
45 55 1
40 55 2
45 37 1
54 37 2
37 47 1
54 47 2
37 53 1
46 53 2
43 38 1
39 38 1
57 56 1
38 56 2
50 49 1
56 49 2
51 40 1
42 40 1
49 40 2
55 54 1
40 54 2
47 46 1
54 46 2
53 52 1
43 52 1
46 52 2
64 63 1
62 63 2
62 64 2
63 61 1
62 61 2
61 66 1
60 66 2
64 62 1
61 60 1
62 60 2
66 65 1
60 65 2
33 34 2
196 194 2
196 195 2
198 196 1
199 196 1
199 197 1
198 197 1
23 22 1
22 21 1
20 21 2
23 19 1
22 20 1
283 282 1
281 282 2
286 285 1
284 285 2
281 283 2
284 286 2
282 288 1
285 288 1
284 288 2
283 281 1
286 284 1
281 284 2
288 287 1
284 287 2
412 408 1
407 408 2
405 410 2
406 411 2
412 409 1
412 407 1
409 407 1
408 405 1
407 405 2
410 406 1
405 406 2
277 276 1
269 276 2
275 272 1
273 272 1
275 277 1
273 277 1
274 277 2
275 268 1
273 268 1
272 271 1
275 274 1
273 274 1
272 269 1
277 269 1
274 269 2
270 267 1
276 266 1
275 266 1
273 266 1
272 266 1
267 266 2
404 403 1
390 395 1
389 395 2
390 391 1
389 391 2
400 402 1
386 402 2
402 401 1
385 401 1
386 401 2
390 394 1
389 394 2
388 387 1
388 396 1
386 400 2
386 385 2
390 389 1
394 392 1
389 392 2
395 393 1
389 393 2
398 397 1
387 386 1
401 399 1
386 399 2
262 265 1
259 265 2
262 264 1
260 264 2
262 263 1
258 263 2
261 259 1
261 260 1
261 258 1
370 375 2
371 376 1
370 376 2
369 368 1
367 368 2
379 373 1
378 373 2
382 383 1
366 383 1
365 383 2
376 362 1
375 362 1
376 364 1
375 364 1
364 363 1
367 369 2
364 380 1
368 380 1
367 380 2
380 374 1
367 374 2
374 377 1
384 377 1
380 377 1
372 377 2
362 379 1
378 379 2
373 382 1
378 382 2
382 366 1
378 366 2
371 370 1
369 367 1
364 367 1
374 372 1
367 372 2
379 378 1
366 365 1
378 365 2
383 361 1
382 361 1
381 361 1
378 361 2
359 353 2
360 354 1
359 354 2
355 357 2
356 358 1
355 358 2
360 359 1
356 355 1
293 292 1
291 292 2
296 295 1
294 295 2
291 293 2
292 290 1
291 290 2
290 305 1
289 305 2
294 296 2
305 303 1
295 303 1
294 303 2
303 298 1
290 298 1
294 298 2
303 300 1
300 300 1
297 300 2
300 307 1
303 307 1
299 307 2
298 301 1
306 301 2
301 302 1
306 302 2
293 291 1
290 289 1
291 289 2
305 304 1
289 304 2
305 294 1
296 294 1
304 294 2
298 297 1
294 297 2
300 299 1
297 299 2
307 306 1
299 306 2
339 340 2
339 341 2
341 342 1
340 342 1
342 338 1
337 336 1
442 444 2
441 446 2
441 445 2
443 442 1
443 441 1
442 441 2
330 313 1
329 313 2
312 315 1
326 315 2
315 319 1
326 319 2
311 332 1
313 332 1
314 332 1
316 332 2
322 320 1
318 320 2
335 325 1
316 325 2
316 328 2
328 311 1
317 311 1
316 311 2
316 333 2
316 314 2
308 330 2
327 327 1
330 327 1
329 327 2
329 321 2
327 312 1
326 312 2
332 335 1
316 335 2
318 322 2
310 309 1
317 316 1
316 308 2
330 329 1
308 329 2
327 326 1
329 326 2
322 318 1
316 318 2
335 334 1
318 334 2
332 331 1
333 331 1
316 331 2
325 323 1
324 323 1
426 429 1
425 429 2
429 430 1
428 430 1
422 430 1
419 430 2
430 423 1
419 423 2
423 431 1
430 431 1
420 431 2
431 424 1
420 424 2
429 422 1
428 422 1
427 422 2
429 432 1
428 432 1
422 432 1
419 432 2
430 414 1
423 414 1
420 414 2
414 413 1
420 413 2
424 417 1
431 417 1
421 417 2
424 416 1
431 416 1
421 416 2
417 418 1
421 418 2
416 415 1
421 415 2
426 425 1
429 427 1
428 427 1
422 419 1
427 419 2
423 420 1
419 420 2
424 421 1
420 421 2
435 440 1
434 440 2
440 436 1
434 436 2
439 435 1
439 438 1
435 438 1
434 438 2
440 437 1
439 437 1
435 434 1
437 433 1
280 278 1
279 278 2
280 279 1
344 346 1
343 346 2
346 347 1
345 347 2
344 343 1
346 345 1
343 345 2
352 351 2
351 350 2
350 349 2
349 348 2

1 2 1
3 0 1
56 48 1
4 48 1
33 48 1
40 48 1
17 48 1
56 9 1
40 19 1
4 19 1
9 19 1
60 49 1
37 49 1
40 49 1
4 49 1
17 49 1
60 10 1
40 20 1
10 20 1
4 20 1
36 50 1
59 50 1
40 50 1
4 50 1
17 50 1
59 11 1
11 21 1
40 21 1
4 21 1
8 44 1
50 44 1
5 44 1
17 44 1
28 44 1
7 44 1
21 44 1
4 51 1
57 51 1
34 51 1
17 51 1
40 51 1
57 12 1
4 22 1
12 22 1
40 22 1
26 43 1
22 43 1
8 43 1
17 43 1
5 43 1
7 43 1
51 43 1
17 52 1
4 52 1
38 52 1
61 52 1
40 52 1
61 13 1
13 23 1
40 23 1
4 23 1
8 46 1
5 46 1
23 46 1
30 46 1
17 46 1
52 46 1
7 46 1
17 45 1
52 45 1
31 45 1
23 45 1
8 45 1
5 45 1
7 45 1
17 53 1
58 53 1
4 53 1
35 53 1
40 53 1
58 14 1
40 24 1
14 24 1
4 24 1
32 54 1
4 54 1
40 54 1
17 54 1
55 54 1
55 15 1
40 25 1
4 25 1
15 25 1
25 42 1
5 42 1
8 42 1
54 42 1
29 42 1
17 42 1
7 42 1
5 41 1
25 41 1
17 41 1
54 41 1
6 41 1
27 41 1
17 47 1
47 4 1
40 39 1
18 5 1
18 16 1
67 66 2
66 65 2
64 62 2
64 63 2

