3 6 1
5 6 2
1 11 1
10 11 2
6 12 1
10 12 2
0 14 1
13 14 2
1 15 1
13 15 2
7 18 1
17 18 2
7 19 1
0 19 1
17 19 2
20 23 1
22 23 2
26 27 2
27 29 1
0 29 1
28 29 2
0 31 1
24 31 1
30 31 2
5 3 2
5 4 2
7 7 1
6 7 1
5 7 2
22 20 2
22 21 2
23 24 1
24 24 1
22 24 2
1 2 1
3 5 1
4 5 1
2 5 2
7 8 1
5 8 2
0 9 1
8 9 2
6 10 1
9 10 2
0 13 1
9 13 2
0 16 1
8 16 2
7 17 1
0 17 1
1 17 1
16 17 2
21 22 1
20 22 1
2 22 2
24 25 1
22 25 2
0 26 1
25 26 2
27 28 1
0 28 1
25 28 2
0 30 1
25 30 2
31 32 1
29 32 1
27 32 1
19 32 1
18 32 1
15 32 1
14 32 1
12 32 1
11 32 1
0 32 1
33 34 1
44 46 1
45 46 2
37 49 1
36 49 1
47 49 1
48 49 2
56 59 1
58 59 2
65 66 2
35 73 1
76 77 2
76 78 2
80 81 2
101 103 1
102 103 2
35 37 1
36 37 1
38 39 2
38 40 2
42 42 1
40 42 1
41 42 2
42 43 1
41 43 2
45 44 2
46 47 1
40 47 1
45 47 2
35 50 1
38 50 2
50 54 1
38 54 2
58 56 2
54 57 1
57 57 1
58 57 2
54 60 1
59 60 1
58 60 2
60 61 1
58 61 2
60 63 1
50 63 1
58 63 2
66 68 1
65 68 2
35 70 1
65 70 2
70 71 1
65 71 2
78 79 1
77 79 1
74 79 1
37 79 1
73 79 1
35 79 1
66 79 1
73 84 1
35 84 1
83 84 2
84 85 1
83 85 2
88 89 2
85 90 1
88 90 2
94 95 2
66 97 1
97 99 1
99 99 1
98 99 2
99 100 1
98 100 2
102 101 2
97 104 1
103 104 1
102 104 2
35 38 1
40 41 1
38 41 2
42 45 1
44 45 1
41 45 2
47 48 1
43 48 1
45 48 2
50 51 1
38 51 2
49 52 1
39 52 1
51 52 2
50 53 1
51 53 2
54 55 1
38 55 2
57 58 1
56 58 1
55 58 2
61 62 1
60 62 1
58 62 2
63 64 1
58 64 2
35 65 1
66 67 1
65 67 2
68 69 1
65 69 2
71 72 1
65 72 2
75 76 2
66 80 1
79 80 1
81 82 1
79 82 1
73 83 1
35 83 1
84 86 1
83 86 2
84 87 1
83 87 2
83 88 2
90 91 1
89 91 1
88 91 2
66 92 1
66 93 1
73 94 1
35 94 1
73 96 1
35 96 1
95 96 1
94 96 2
97 98 1
101 102 1
99 102 1
98 102 2
100 105 1
104 105 1
102 105 2
106 107 1
106 109 1
106 108 1
110 112 1
112 113 1
113 116 1
115 116 2
113 118 1
117 118 2
110 111 1
113 114 1
113 115 1
113 117 1
118 119 1
117 119 2
112 120 1
119 120 2
127 129 1
128 129 2
134 136 1
135 136 2
133 140 1
139 140 2
142 144 1
143 144 2
145 147 1
121 147 1
143 147 2
143 148 2
145 150 1
149 150 2
153 156 1
155 156 2
145 160 1
159 160 2
164 167 1
166 167 2
145 171 1
168 171 1
166 171 2
171 173 1
172 173 2
176 179 1
178 179 2
145 181 1
143 181 2
184 187 1
186 187 2
125 189 1
128 127 2
129 130 1
128 130 2
132 133 2
135 134 2
136 137 1
135 137 2
141 141 1
143 142 2
144 145 1
143 145 2
145 146 1
143 146 2
147 152 1
146 152 1
151 152 2
155 153 2
141 154 1
152 154 1
155 154 2
121 158 1
145 158 1
143 158 2
158 161 1
143 161 2
166 164 2
161 165 1
141 165 1
166 165 2
161 168 1
167 168 1
166 168 2
173 175 1
174 175 2
178 176 2
141 177 1
175 177 1
178 177 2
181 183 1
147 183 1
146 183 1
182 183 2
186 184 2
183 185 1
141 185 1
186 185 2
127 128 1
141 128 1
126 128 2
130 131 1
128 131 2
126 132 2
134 135 1
141 135 1
132 135 2
137 138 1
124 138 1
123 138 1
135 138 2
133 139 1
132 139 2
142 143 1
141 143 1
147 149 1
146 149 1
143 149 2
147 151 1
146 151 1
122 151 1
149 151 2
154 155 1
153 155 1
151 155 2
152 157 1
124 157 1
156 157 1
155 157 2
158 159 1
143 159 2
161 162 1
143 162 2
162 163 2
165 166 1
164 166 1
143 166 2
168 169 1
166 169 2
169 170 2
171 172 1
166 172 2
122 174 1
173 174 1
172 174 2
176 178 1
177 178 1
174 178 2
175 180 1
124 180 1
179 180 1
178 180 2
122 182 1
181 182 1
147 182 1
146 182 1
143 182 2
185 186 1
184 186 1
182 186 2
183 188 1
187 188 1
124 188 1
186 188 2
? 1 1 1

47 46 1
43 46 2
47 40 1
43 40 2
47 45 1
42 45 2
47 39 1
42 39 2
47 44 1
41 44 2
47 38 1
41 38 2
50 49 2
50 48 2
11 10 1
9 10 2
10 12 1
9 12 2
9 11 2
11 9 1
7 6 1
5 6 2
6 8 1
5 8 2
5 7 2
7 5 1
27 26 1
25 26 2
30 32 1
29 32 2
30 31 1
28 31 2
30 33 1
28 33 2
25 27 2
26 30 1
25 30 2
27 25 1
30 29 1
25 29 2
30 28 1
29 28 2
15 14 1
13 14 2
16 17 1
13 17 2
13 15 2
14 16 1
13 16 2
15 13 1
4 3 1
2 3 2
0 1 1
2 1 2
2 4 2
3 0 1
2 0 2
4 2 1
24 23 1
22 23 2
21 19 1
22 19 2
20 18 1
22 24 2
23 21 1
20 21 1
22 21 2
20 22 1
24 22 1
37 36 1
35 36 2
36 34 1
35 34 2
35 37 2
37 35 1
53 51 1
52 51 1
55 54 1
62 61 1
56 57 1
63 64 1
58 60 2
59 58 1
101 100 1
100 99 2
90 80 1
89 80 1
90 78 1
80 78 1
78 79 1
90 79 1
90 81 1
79 81 1
90 75 1
81 75 1
75 84 1
90 84 1
65 84 2
90 72 1
84 72 1
65 72 2
90 87 1
72 87 1
65 87 2
75 83 1
90 83 1
65 83 2
83 88 1
90 88 1
65 88 2
90 86 1
88 86 1
65 86 2
90 77 1
86 77 1
87 77 1
77 76 1
90 76 1
90 70 1
76 70 1
70 82 1
90 82 1
90 85 1
82 85 1
90 71 1
85 71 1
90 74 1
71 74 1
90 73 1
74 73 1
90 68 1
90 67 1
73 69 1
68 66 1
67 66 1
97 95 1
98 95 1
95 96 1
98 96 1
98 93 1
98 92 1
96 94 1
92 91 1
93 91 1
? 0 0 0

8 10 2
8 9 2
14 15 2
19 20 1
18 20 2
21 22 2
11 23 1
16 19 1
18 19 2
11 12 1
13 14 1
16 17 1
11 17 1
16 21 1
18 21 2
1 2 1
0 2 1
4 6 1
5 6 2
6 7 1
5 7 2
2 3 1
5 4 2
2 5 1
4 5 1
? 1 1 1

0 4 1
3 4 2
4 6 1
5 6 2
6 8 1
7 8 2
0 1 1
0 2 1
1 2 2
0 3 1
1 3 2
4 5 1
3 5 2
6 7 1
5 7 2
8 9 1
7 9 2
? 0 0 0

0 2 1
1 2 2
5 7 1
6 7 2
8 10 1
9 10 2
1 0 2
1 3 2
6 5 2
9 8 2
0 1 1
2 4 1
1 4 2
5 6 1
8 9 1
6 9 2
? 0 0 0

0 1 2
? 0 0 0

0 1 1
2 3 1
1 3 1
28 32 1
27 32 1
31 32 2
27 34 1
33 34 2
34 37 1
27 37 1
36 37 2
28 29 1
27 29 1
34 35 1
27 35 1
34 38 1
27 38 1
37 38 1
35 38 1
29 30 1
27 31 1
30 31 2
32 33 1
29 33 1
30 33 2
34 36 1
27 36 1
35 36 1
39 47 1
46 47 2
39 49 1
45 49 2
49 52 1
39 52 1
51 52 1
50 52 2
54 55 2
47 57 1
44 57 1
56 57 2
49 59 1
39 59 1
50 59 2
41 42 2
39 44 1
50 51 2
39 40 1
42 43 1
41 43 2
44 45 1
39 46 1
45 46 2
47 48 1
44 48 1
45 48 2
49 50 1
39 50 1
52 53 1
50 53 2
49 54 1
39 54 1
53 54 2
51 56 1
49 56 1
39 56 1
54 56 2
57 58 1
55 58 1
52 58 1
50 58 2
4 8 1
7 8 2
9 10 2
10 17 1
16 17 2
20 22 1
21 22 2
22 23 1
18 23 1
21 23 2
23 26 1
25 26 2
5 6 2
12 13 2
21 20 2
4 5 1
6 7 1
5 7 2
10 11 1
9 11 2
11 12 2
13 14 1
12 14 2
10 15 1
14 15 2
13 16 1
14 16 2
18 19 1
20 21 1
18 21 1
23 24 1
21 24 2
24 25 2
? 1 1 1

0 1 1
0 2 1
2 3 1
2 5 1
5 7 1
10 11 2
14 16 1
15 16 2
18 20 1
19 20 2
24 26 1
25 26 2
26 27 1
25 27 2
23 28 1
3 4 1
5 6 1
5 8 1
12 13 1
15 14 2
16 17 1
15 17 2
19 18 2
8 21 1
22 23 1
25 24 2
9 10 1
14 15 1
18 19 1
24 25 1
22 25 1
? 0 0 0

