20 22 1
21 22 2
22 24 1
20 24 1
0 24 1
18 24 2
1 2 2
2 3 1
1 3 2
15 16 2
18 19 2
19 20 1
18 20 2
0 25 1
3 4 1
1 4 2
3 5 1
1 5 2
3 6 1
1 6 2
3 7 1
1 7 2
3 8 1
1 8 2
3 9 1
1 9 2
3 10 1
1 10 2
3 11 1
1 11 2
3 12 1
1 12 2
3 13 1
1 13 2
3 14 1
1 14 2
16 17 1
15 17 2
20 21 1
18 21 2
22 23 1
20 23 1
18 23 2
27 28 1
26 28 1
27 29 1
30 30 1
28 31 1
30 31 1
29 31 1
31 32 1
33 34 1
? 0 0 0

2 9 1
8 9 2
9 11 1
2 11 1
10 11 2
9 13 1
2 13 1
12 13 2
13 15 1
11 15 1
9 15 1
2 15 1
14 15 2
4 19 1
17 19 1
18 19 2
19 21 1
17 21 1
20 21 2
26 28 1
27 28 2
1 29 1
28 29 1
27 29 2
19 33 1
17 33 1
32 33 2
34 36 1
35 36 2
36 37 1
33 37 1
35 37 2
19 40 1
17 40 1
25 40 1
23 40 1
39 40 1
32 40 2
45 47 1
46 47 2
0 1 1
1 2 1
1 4 1
3 4 2
2 6 1
4 6 1
5 6 2
15 17 1
13 17 1
11 17 1
9 17 1
2 17 1
16 17 2
1 23 1
22 23 2
1 25 1
24 25 2
27 26 2
25 30 1
19 30 1
17 30 1
23 30 1
24 30 2
19 31 1
17 31 1
30 31 1
24 31 2
35 34 2
19 39 1
17 39 1
32 39 2
19 42 1
17 42 1
23 42 1
24 42 2
19 44 1
17 44 1
43 44 2
46 45 2
47 48 1
44 48 1
46 48 2
1 3 1
4 5 1
3 5 2
6 7 1
5 7 2
2 8 1
3 8 2
9 10 1
2 10 1
3 10 2
9 12 1
2 12 1
10 12 2
13 14 1
11 14 1
9 14 1
2 14 1
3 14 2
15 16 1
13 16 1
11 16 1
9 16 1
2 16 1
3 16 2
4 18 1
16 18 2
19 20 1
17 20 1
16 20 2
1 22 1
20 22 2
1 24 1
22 24 2
25 27 1
26 27 1
24 27 2
31 32 1
24 32 2
34 35 1
33 35 1
32 35 2
23 38 1
25 38 1
37 38 1
35 38 2
40 41 1
32 41 2
42 43 1
24 43 2
45 46 1
44 46 1
43 46 2
23 49 1
48 49 1
46 49 2
? 0 0 0

3 0 1
2 4 1
4 1 1
2 3 1
99 98 1
97 98 2
92 95 1
95 94 1
92 93 1
103 103 1
91 103 2
103 105 1
101 105 2
97 99 2
104 104 1
97 104 2
100 91 2
103 101 1
91 101 2
103 102 1
101 102 2
104 97 1
99 97 1
98 96 1
104 96 1
97 96 2
108 107 1
106 107 2
60 56 1
54 56 2
57 59 2
59 57 1
55 57 2
59 58 1
57 58 2
34 31 1
29 31 2
33 33 1
32 33 2
33 28 1
32 28 2
28 35 1
27 35 2
28 30 1
24 30 2
33 32 1
28 25 1
32 25 2
28 26 1
25 26 2
28 27 1
26 27 2
35 23 1
27 23 2
28 24 1
27 24 2
30 22 1
24 22 2
72 71 1
70 71 2
74 74 1
73 74 2
74 75 1
73 75 2
70 72 2
75 67 1
70 67 2
74 73 1
69 68 1
73 68 2
67 70 1
72 70 1
73 70 2
82 82 1
85 85 1
83 85 2
85 90 1
83 90 2
86 86 1
84 86 2
86 88 1
84 88 2
82 76 1
85 83 1
81 79 1
83 79 2
90 89 1
83 89 2
86 84 1
81 80 1
84 80 2
87 78 1
82 77 1
78 77 2
8 7 1
6 7 2
6 8 2
8 6 1
5 6 2
66 62 1
61 62 2
65 65 1
65 63 1
65 64 1
63 64 2
122 130 1
114 130 2
130 127 1
126 127 1
114 127 2
123 113 1
112 113 2
131 131 1
131 122 1
111 122 2
122 129 1
111 129 2
129 126 1
126 126 1
111 126 2
126 119 1
109 119 2
127 120 1
110 120 2
131 111 1
126 109 1
111 109 2
119 117 1
109 117 2
122 114 1
111 114 2
127 110 1
114 110 2
120 118 1
110 118 2
125 124 1
121 115 1
115 128 2
121 116 1
115 116 2
50 40 1
53 39 1
37 39 2
46 46 1
44 46 2
46 43 1
44 43 2
47 47 1
45 47 2
47 53 1
45 53 2
49 48 1
46 44 1
43 42 1
44 42 2
43 41 1
44 41 2
47 45 1
53 37 1
45 37 2
53 36 1
45 36 2
53 52 1
36 52 2
53 51 1
52 51 2
39 38 1
226 222 1
225 222 2
222 227 1
221 227 2
227 224 1
221 224 2
224 228 1
223 228 2
226 225 1
222 221 1
225 221 2
224 223 1
221 223 2
218 212 1
217 212 2
212 213 1
211 213 2
220 216 1
219 216 2
216 214 1
215 214 2
220 220 1
213 220 1
219 220 2
218 217 1
212 211 1
217 211 2
220 219 1
211 219 2
216 215 1
219 215 2
183 184 1
182 184 1
179 184 2
182 181 1
179 181 2
181 185 1
184 185 1
183 185 1
180 185 2
179 182 2
181 180 1
208 201 2
207 203 2
205 202 2
202 197 1
205 197 2
202 200 1
205 200 2
209 210 2
209 196 2
210 195 1
209 195 2
201 193 1
208 193 2
208 204 2
204 206 2
206 207 2
207 205 2
200 198 1
205 198 2
200 199 1
198 199 2
205 209 2
195 194 1
209 194 2
190 192 2
192 188 1
190 188 2
192 189 1
190 189 2
191 190 2
188 187 1
190 187 2
188 186 1
189 186 1
190 186 2
136 141 1
133 141 2
146 147 1
132 147 2
148 142 2
142 140 1
143 140 2
137 137 1
136 137 1
148 137 2
141 149 1
137 149 1
148 149 2
148 146 2
147 139 1
146 139 1
145 139 2
147 138 1
146 138 1
143 138 2
138 150 1
143 150 2
136 135 1
135 133 2
135 148 2
146 132 1
148 132 2
147 144 1
146 144 1
148 144 2
147 145 1
146 145 1
144 145 2
147 143 1
146 143 1
145 143 2
138 134 1
143 134 2
152 157 2
161 162 1
151 162 2
160 158 2
158 156 1
160 156 2
164 159 1
160 159 2
160 155 2
157 164 1
163 164 2
160 161 2
162 154 1
161 154 1
160 154 2
163 160 2
161 151 1
160 151 2
154 153 1
160 153 2
166 171 2
175 176 1
165 176 2
174 172 2
172 170 1
174 170 2
178 173 1
174 173 2
174 169 2
171 178 1
177 178 2
174 175 2
176 168 1
175 168 1
174 168 2
177 174 2
175 165 1
174 165 2
168 167 1
174 167 2
233 233 1
233 231 1
231 231 1
229 231 2
231 232 1
230 232 2
233 229 1
231 230 1
229 230 2
238 238 1
238 236 1
236 236 1
234 236 2
236 237 1
235 237 2
238 234 1
236 235 1
234 235 2
17 21 1
12 21 2
21 19 1
18 19 1
12 19 2
11 17 2
17 20 1
11 20 2
20 18 1
18 18 1
11 18 2
18 15 1
9 15 2
19 16 1
10 16 2
18 9 1
11 9 2
15 13 1
9 13 2
17 12 1
11 12 2
19 10 1
12 10 2
16 14 1
10 14 2
240 239 1
241 242 1
245 246 1
243 244 1
? 1 1 1

10 11 1
1 2 2
3 5 1
4 5 1
0 1 1
5 6 1
8 9 1
7 9 1
? 1 1 1

0 2 1
1 2 2
1 3 2
1 4 2
5 7 1
6 7 2
6 8 2
6 9 2
10 12 1
11 12 2
11 13 2
11 14 2
15 17 1
16 17 2
16 18 2
16 19 2
20 22 1
21 22 2
21 23 2
21 24 2
25 27 1
26 27 2
26 28 2
26 29 2
30 32 1
31 32 2
31 33 2
31 34 2
35 37 1
36 37 2
36 38 2
36 39 2
40 42 1
41 42 2
41 43 2
41 44 2
45 47 1
46 47 2
46 48 2
46 49 2
50 52 1
51 52 2
51 53 2
51 54 2
55 57 1
56 57 2
56 58 2
56 59 2
60 62 1
61 62 2
61 63 2
61 64 2
65 67 1
66 67 2
66 68 2
66 69 2
70 72 1
71 72 2
71 73 2
71 74 2
75 77 1
76 77 2
76 78 2
76 79 2
80 82 1
81 82 2
81 83 2
81 84 2
85 87 1
86 87 2
86 88 2
86 89 2
90 92 1
91 92 2
91 93 2
91 94 2
95 97 1
96 97 2
96 98 2
96 99 2
100 102 1
101 102 2
101 103 2
101 104 2
105 107 1
106 107 2
106 108 2
106 109 2
110 112 1
111 112 2
113 115 1
114 115 2
114 116 2
117 119 1
118 119 2
118 120 2
121 123 1
122 123 2
122 124 2
125 127 1
126 127 2
126 128 2
129 131 1
130 131 2
130 132 2
133 135 1
134 135 2
134 136 2
137 139 1
138 139 2
138 140 2
141 143 1
142 143 2
142 144 2
145 147 1
146 147 2
146 148 2
149 151 1
150 151 2
150 152 2
153 155 1
154 155 2
154 156 2
157 159 1
158 159 2
160 162 1
161 162 2
163 165 1
164 165 2
166 168 1
167 168 2
169 171 1
170 171 2
172 174 1
173 174 2
175 177 1
176 177 2
178 180 1
179 180 2
181 183 1
182 183 2
184 186 1
185 186 2
187 189 1
188 189 2
190 192 1
191 192 2
193 195 1
194 195 2
196 198 1
197 198 2
199 201 1
200 201 2
202 204 1
203 204 2
205 207 1
206 207 2
208 210 1
209 210 2
211 213 1
212 213 2
214 216 1
215 216 2
217 219 1
218 219 2
220 222 1
221 222 2
223 225 1
224 225 2
226 228 1
227 228 2
229 231 1
230 231 2
232 234 1
233 234 2
235 237 1
236 237 2
238 240 1
239 240 2
241 243 1
242 243 2
244 246 1
245 246 2
247 249 1
248 249 2
250 252 1
251 252 2
253 255 1
254 255 2
256 258 1
257 258 2
259 261 1
260 261 2
262 264 1
263 264 2
265 267 1
266 267 2
268 270 1
269 270 2
271 273 1
272 273 2
274 276 1
275 276 2
277 279 1
278 279 2
280 282 1
281 282 2
283 285 1
284 285 2
286 288 1
287 288 2
289 291 1
290 291 2
292 294 1
293 294 2
295 297 1
296 297 2
298 300 1
299 300 2
301 303 1
302 303 2
304 306 1
305 306 2
307 309 1
308 309 2
310 312 1
311 312 2
313 315 1
314 315 2
316 318 1
317 318 2
319 321 1
320 321 2
322 324 1
323 324 2
325 327 1
326 327 2
328 330 1
329 330 2
331 333 1
332 333 2
334 336 1
335 336 2
337 339 1
338 339 2
340 342 1
341 342 2
343 345 1
344 345 2
346 348 1
347 348 2
349 351 1
350 351 2
352 354 1
353 354 2
355 357 1
356 357 2
358 360 1
359 360 2
361 363 1
362 363 2
364 366 1
365 366 2
367 369 1
368 369 2
370 372 1
371 372 2
373 375 1
374 375 2
376 378 1
377 378 2
379 381 1
380 381 2
382 384 1
383 384 2
385 387 1
386 387 2
388 390 1
389 390 2
391 393 1
392 393 2
394 396 1
395 396 2
397 399 1
398 399 2
400 402 1
401 402 2
403 405 1
404 405 2
406 408 1
407 408 2
409 411 1
410 411 2
412 414 1
413 414 2
415 417 1
416 417 2
418 420 1
419 420 2
421 423 1
422 423 2
424 426 1
425 426 2
427 429 1
428 429 2
430 432 1
431 432 2
433 435 1
434 435 2
436 438 1
437 438 2
439 441 1
440 441 2
442 444 1
443 444 2
445 447 1
446 447 2
448 450 1
449 450 2
451 453 1
452 453 2
454 456 1
455 456 2
457 459 1
458 459 2
460 462 1
461 462 2
463 465 1
464 465 2
466 468 1
467 468 2
469 471 1
470 471 2
472 474 1
473 474 2
475 477 1
476 477 2
478 480 1
479 480 2
481 483 1
482 483 2
484 486 1
485 486 2
487 489 1
488 489 2
490 492 1
491 492 2
493 495 1
494 495 2
496 498 1
497 498 2
499 501 1
500 501 2
502 504 1
503 504 2
505 507 1
506 507 2
508 510 1
509 510 2
511 513 1
512 513 2
514 516 1
515 516 2
517 519 1
518 519 2
520 522 1
521 522 2
523 525 1
524 525 2
526 528 1
527 528 2
529 531 1
530 531 2
532 534 1
533 534 2
535 537 1
536 537 2
538 540 1
539 540 2
541 543 1
542 543 2
544 546 1
545 546 2
547 549 1
548 549 2
550 552 1
551 552 2
553 555 1
554 555 2
556 558 1
557 558 2
559 561 1
560 561 2
562 564 1
563 564 2
565 567 1
566 567 2
568 570 1
569 570 2
571 573 1
572 573 2
574 576 1
575 576 2
577 579 1
578 579 2
580 582 1
581 582 2
583 585 1
584 585 2
586 588 1
587 588 2
589 591 1
590 591 2
592 594 1
593 594 2
595 597 1
596 597 2
598 600 1
599 600 2
601 603 1
602 603 2
604 606 1
605 606 2
607 609 1
608 609 2
610 612 1
611 612 2
613 615 1
614 615 2
616 618 1
617 618 2
619 621 1
620 621 2
622 624 1
623 624 2
625 627 1
626 627 2
628 630 1
629 630 2
631 633 1
632 633 2
634 636 1
635 636 2
637 639 1
638 639 2
640 642 1
641 642 2
643 645 1
644 645 2
646 648 1
647 648 2
649 651 1
650 651 2
652 654 1
653 654 2
655 657 1
656 657 2
658 660 1
659 660 2
661 663 1
662 663 2
664 666 1
665 666 2
667 669 1
668 669 2
670 672 1
671 672 2
673 675 1
674 675 2
676 678 1
677 678 2
679 681 1
680 681 2
682 684 1
683 684 2
685 687 1
686 687 2
688 690 1
689 690 2
691 693 1
692 693 2
694 696 1
695 696 2
697 699 1
698 699 2
700 702 1
701 702 2
703 705 1
704 705 2
706 708 1
707 708 2
709 711 1
710 711 2
712 714 1
713 714 2
715 717 1
716 717 2
718 720 1
719 720 2
721 723 1
722 723 2
724 726 1
725 726 2
727 729 1
728 729 2
730 732 1
731 732 2
733 735 1
734 735 2
736 738 1
737 738 2
739 741 1
740 741 2
742 744 1
743 744 2
745 747 1
746 747 2
748 750 1
749 750 2
751 753 1
752 753 2
754 756 1
755 756 2
757 759 1
758 759 2
760 762 1
761 762 2
763 765 1
764 765 2
766 768 1
767 768 2
769 771 1
770 771 2
772 774 1
773 774 2
775 777 1
776 777 2
778 780 1
779 780 2
781 783 1
782 783 2
784 786 1
785 786 2
787 789 1
788 789 2
790 792 1
791 792 2
793 795 1
794 795 2
796 798 1
797 798 2
799 801 1
800 801 2
802 804 1
803 804 2
805 807 1
806 807 2
808 810 1
809 810 2
811 813 1
812 813 2
814 816 1
815 816 2
817 819 1
818 819 2
820 822 1
821 822 2
823 825 1
824 825 2
826 828 1
827 828 2
831 832 2
833 834 2
833 835 2
836 838 1
837 838 2
839 841 1
840 841 2
848 850 1
849 850 2
857 859 1
858 859 2
860 862 1
861 862 2
842 845 1
844 845 2
845 846 1
844 846 2
846 848 1
845 848 1
847 848 2
851 854 1
853 854 2
854 855 1
853 855 2
854 857 1
855 857 1
856 857 2
0 1 1
5 6 1
10 11 1
15 16 1
20 21 1
25 26 1
30 31 1
35 36 1
40 41 1
45 46 1
50 51 1
55 56 1
60 61 1
65 66 1
70 71 1
75 76 1
80 81 1
85 86 1
90 91 1
95 96 1
100 101 1
105 106 1
110 111 1
113 114 1
117 118 1
121 122 1
125 126 1
129 130 1
133 134 1
137 138 1
141 142 1
145 146 1
149 150 1
153 154 1
157 158 1
160 161 1
163 164 1
166 167 1
169 170 1
172 173 1
175 176 1
178 179 1
181 182 1
184 185 1
187 188 1
190 191 1
193 194 1
196 197 1
199 200 1
202 203 1
205 206 1
208 209 1
211 212 1
214 215 1
217 218 1
220 221 1
223 224 1
226 227 1
229 230 1
232 233 1
235 236 1
238 239 1
241 242 1
244 245 1
247 248 1
250 251 1
253 254 1
256 257 1
259 260 1
262 263 1
265 266 1
268 269 1
271 272 1
274 275 1
277 278 1
280 281 1
283 284 1
286 287 1
289 290 1
292 293 1
295 296 1
298 299 1
301 302 1
304 305 1
307 308 1
310 311 1
313 314 1
316 317 1
319 320 1
322 323 1
325 326 1
328 329 1
331 332 1
334 335 1
337 338 1
340 341 1
343 344 1
346 347 1
349 350 1
352 353 1
355 356 1
358 359 1
361 362 1
364 365 1
367 368 1
370 371 1
373 374 1
376 377 1
379 380 1
382 383 1
385 386 1
388 389 1
391 392 1
394 395 1
397 398 1
400 401 1
403 404 1
406 407 1
409 410 1
412 413 1
415 416 1
418 419 1
421 422 1
424 425 1
427 428 1
430 431 1
433 434 1
436 437 1
439 440 1
442 443 1
445 446 1
448 449 1
451 452 1
454 455 1
457 458 1
460 461 1
463 464 1
466 467 1
469 470 1
472 473 1
475 476 1
478 479 1
481 482 1
484 485 1
487 488 1
490 491 1
493 494 1
496 497 1
499 500 1
502 503 1
505 506 1
508 509 1
511 512 1
514 515 1
517 518 1
520 521 1
523 524 1
526 527 1
529 530 1
532 533 1
535 536 1
538 539 1
541 542 1
544 545 1
547 548 1
550 551 1
553 554 1
556 557 1
559 560 1
562 563 1
565 566 1
568 569 1
571 572 1
574 575 1
577 578 1
580 581 1
583 584 1
586 587 1
589 590 1
592 593 1
595 596 1
598 599 1
601 602 1
604 605 1
607 608 1
610 611 1
613 614 1
616 617 1
619 620 1
622 623 1
625 626 1
628 629 1
631 632 1
634 635 1
637 638 1
640 641 1
643 644 1
646 647 1
649 650 1
652 653 1
655 656 1
658 659 1
661 662 1
664 665 1
667 668 1
670 671 1
673 674 1
676 677 1
679 680 1
682 683 1
685 686 1
688 689 1
691 692 1
694 695 1
697 698 1
700 701 1
703 704 1
706 707 1
709 710 1
712 713 1
715 716 1
718 719 1
721 722 1
724 725 1
727 728 1
730 731 1
733 734 1
736 737 1
739 740 1
742 743 1
745 746 1
748 749 1
751 752 1
754 755 1
757 758 1
760 761 1
763 764 1
766 767 1
769 770 1
772 773 1
775 776 1
778 779 1
781 782 1
784 785 1
787 788 1
790 791 1
793 794 1
796 797 1
799 800 1
802 803 1
805 806 1
808 809 1
811 812 1
814 815 1
817 818 1
820 821 1
823 824 1
826 827 1
829 830 1
829 831 1
830 831 2
829 833 1
831 833 2
836 837 1
839 840 1
842 843 1
842 844 1
843 844 2
846 847 1
844 847 2
848 849 1
847 849 2
851 852 1
851 853 1
852 853 2
855 856 1
853 856 2
857 858 1
856 858 2
860 861 1
870 871 2
872 873 2
876 879 1
878 879 2
875 881 1
876 881 1
880 881 2
882 884 2
883 885 1
882 885 2
882 886 2
882 887 2
888 890 2
889 891 1
888 891 2
888 892 2
888 893 2
863 894 1
898 899 2
898 900 2
898 901 2
898 902 2
900 903 1
898 903 2
904 905 2
908 910 2
912 913 2
865 865 1
863 867 1
863 868 1
867 869 1
874 875 2
875 876 1
874 876 2
874 877 2
882 883 2
888 889 2
863 866 1
864 866 1
869 872 1
865 872 1
870 872 2
872 874 2
874 878 2
876 880 1
878 880 2
881 882 1
879 882 1
877 882 1
874 882 2
874 888 2
895 896 2
897 898 2
902 904 1
901 904 1
897 904 2
906 907 2
907 908 2
908 909 2
907 911 2
906 912 2
? 1 1 1

20 12 1
20 14 1
20 13 1
20 8 1
20 15 1
20 17 1
2 19 1
19 4 1
19 5 1
19 6 1
19 9 1
2 18 1
25 16 1
3 22 1
25 7 1
24 23 1
2 11 1
2 10 1
2 21 1
2 20 1
18 25 1
30 29 2
31 30 1
26 28 1
26 27 1
37 38 1
32 36 2
36 35 1
32 35 2
35 34 2
35 33 2
1 0 1
224 223 1
223 222 2
391 390 1
390 388 2
146 148 1
145 148 2
146 149 1
144 149 2
149 151 1
148 151 1
150 151 1
147 151 2
146 145 1
146 144 1
145 144 2
149 147 1
148 147 1
150 147 1
426 453 2
447 457 1
446 457 2
447 458 1
446 458 2
458 454 1
457 454 1
445 454 2
445 455 2
442 432 1
451 432 2
432 430 1
442 430 1
451 430 2
459 441 1
456 441 1
427 441 1
447 441 1
443 441 1
442 441 1
452 441 1
439 441 1
431 441 1
437 441 1
435 441 1
449 441 1
450 441 1
429 441 1
428 441 1
433 441 1
436 452 2
453 447 1
452 447 1
451 447 2
451 459 2
451 456 2
458 449 1
457 449 1
451 449 2
458 450 1
457 450 1
451 450 2
451 443 2
450 439 1
455 439 1
454 439 1
443 439 1
451 439 2
451 427 2
437 435 1
451 435 2
437 433 1
435 433 1
451 433 2
451 431 2
451 429 2
443 442 1
433 442 1
451 442 2
432 428 1
431 428 1
450 428 1
443 428 1
427 428 1
455 428 1
454 428 1
430 428 1
429 428 1
451 428 2
437 436 1
436 448 2
436 426 2
453 440 1
452 440 1
436 440 2
453 451 1
452 451 1
436 451 2
447 446 1
451 446 2
458 445 1
457 445 1
449 445 1
451 445 2
439 438 1
451 438 2
435 434 1
451 434 2
451 444 2
259 350 2
326 375 1
324 375 2
326 378 1
324 378 2
378 370 1
375 370 1
322 370 2
322 371 2
319 280 1
346 280 2
280 278 1
319 278 1
346 278 2
284 348 2
350 326 1
348 326 1
346 326 2
346 381 2
346 372 2
378 333 1
375 333 1
346 333 2
378 342 1
375 342 1
346 342 2
346 320 2
342 299 1
371 299 1
370 299 1
320 299 1
346 299 2
346 265 2
285 283 1
346 283 2
285 281 1
283 281 1
346 281 2
346 279 2
346 277 2
320 319 1
281 319 1
346 319 2
280 272 1
279 272 1
342 272 1
320 272 1
265 272 1
371 272 1
370 272 1
278 272 1
277 272 1
346 272 2
285 284 1
284 332 2
284 259 2
350 312 1
348 312 1
284 312 2
350 346 1
348 346 1
284 346 2
326 324 1
346 324 2
378 322 1
375 322 1
333 322 1
346 322 2
299 298 1
346 298 2
283 282 1
346 282 2
346 321 2
484 485 1
460 485 2
471 470 1
469 470 2
476 465 1
470 465 1
469 465 2
470 481 1
476 481 1
464 481 2
481 492 1
480 492 2
492 468 1
481 468 1
480 468 2
464 462 2
470 494 1
476 494 1
464 494 2
470 488 1
476 488 1
464 488 2
476 478 1
470 478 1
464 478 2
488 487 1
493 487 2
470 490 1
476 490 1
461 490 2
476 473 1
491 473 1
471 473 1
474 473 1
495 473 1
482 473 1
463 473 1
484 473 1
466 473 1
479 473 1
467 473 1
489 473 1
485 476 1
484 476 1
483 476 2
483 466 2
483 482 2
483 463 2
483 495 2
483 489 2
483 479 2
469 471 2
476 474 1
474 474 1
469 474 2
464 491 2
464 467 2
484 460 1
485 472 1
484 472 1
485 483 1
484 483 1
476 475 1
483 475 2
474 469 1
471 469 1
483 469 2
465 464 1
469 464 2
481 480 1
464 480 2
476 477 1
470 477 1
464 477 2
494 493 1
477 493 2
494 461 1
464 461 2
490 486 1
461 486 2
353 356 1
256 356 2
310 309 1
308 309 2
328 273 1
309 273 1
308 273 2
309 338 1
328 338 1
270 338 2
338 365 1
334 365 2
365 293 1
338 293 1
334 293 2
270 266 2
309 379 1
328 379 1
270 379 2
309 359 1
328 359 1
270 359 2
328 330 1
309 330 1
270 330 2
359 358 1
373 358 2
309 361 1
328 361 1
261 361 2
356 328 1
353 328 1
351 328 2
351 275 2
351 339 2
351 268 2
351 380 2
351 360 2
351 331 2
308 310 2
328 318 1
318 318 1
308 318 2
270 362 2
270 290 2
353 256 1
356 313 1
353 313 1
356 351 1
353 351 1
328 327 1
351 327 2
318 308 1
310 308 1
351 308 2
273 270 1
308 270 2
338 334 1
270 334 2
328 329 1
309 329 1
270 329 2
379 373 1
329 373 2
379 261 1
270 261 2
361 357 1
261 357 2
409 422 2
419 424 1
418 424 2
419 411 1
424 411 1
418 411 2
413 415 1
410 415 1
425 415 1
423 415 1
416 415 1
421 415 1
419 415 1
417 415 1
422 417 1
421 417 1
420 417 2
417 425 1
420 425 2
425 413 1
420 413 2
412 416 2
425 419 1
412 419 2
412 423 2
412 410 2
422 414 1
421 414 1
422 420 1
421 420 1
413 412 1
420 412 2
419 418 1
412 418 2
257 349 2
340 366 1
335 366 2
340 294 1
366 294 1
335 294 2
349 325 1
347 325 1
345 325 2
325 374 1
345 374 2
374 297 1
345 297 2
296 323 2
374 340 1
296 340 2
296 363 2
296 291 2
349 311 1
347 311 1
349 345 1
347 345 1
297 296 1
345 296 2
340 335 1
296 335 2
68 67 1
66 67 2
66 68 2
67 64 1
65 64 1
66 64 2
68 66 1
65 66 1
64 63 1
66 63 2
131 123 1
130 123 2
131 124 1
130 124 2
132 125 2
132 128 2
128 131 1
125 131 1
121 131 2
124 127 1
123 127 1
122 127 2
133 132 1
128 121 1
132 121 2
131 129 1
121 129 2
131 130 1
129 130 2
124 122 1
123 122 1
129 122 2
127 126 1
122 126 2
208 210 1
206 210 2
208 207 1
205 207 2
213 208 2
213 211 2
213 212 2
208 205 1
213 205 2
208 206 1
205 206 2
210 209 1
206 209 2
51 46 2
48 45 1
47 45 2
50 49 1
45 49 1
46 49 1
44 49 1
43 49 2
51 48 2
48 47 1
51 47 2
45 43 1
46 43 1
44 43 1
221 220 1
218 220 2
221 215 1
219 215 2
221 218 1
221 219 1
218 219 2
215 214 1
219 214 2
217 216 1
214 216 2
84 83 1
39 40 2
203 204 2
204 200 1
203 200 2
200 202 1
199 202 2
198 201 1
197 201 2
201 196 1
197 196 2
200 199 1
203 199 2
198 197 1
117 117 1
117 120 1
116 120 2
120 118 1
119 118 2
117 116 1
120 119 1
116 119 2
118 115 1
119 115 2
195 194 1
192 194 2
195 193 1
191 193 2
189 195 1
188 195 2
189 188 1
195 190 1
188 190 2
195 192 1
190 192 2
195 191 1
192 191 2
79 79 1
79 82 1
78 82 2
82 77 1
81 77 2
79 78 1
82 80 1
78 80 2
82 81 1
80 81 2
77 76 1
81 76 2
177 185 2
185 182 1
184 182 1
183 182 2
185 179 1
184 179 1
181 179 2
182 187 1
180 187 2
187 186 1
180 186 2
184 177 1
185 183 1
184 183 1
182 181 1
183 181 2
179 178 1
181 178 2
182 180 1
181 180 2
168 167 1
165 167 2
168 166 1
164 166 2
162 168 1
161 168 2
162 161 1
168 163 1
161 163 2
168 165 1
163 165 2
168 164 1
165 164 2
173 173 1
169 173 2
173 176 1
172 176 2
176 170 1
174 170 2
176 171 1
175 171 2
173 172 1
169 172 2
176 174 1
172 174 2
176 175 1
174 175 2
496 532 2
536 509 1
535 509 2
509 522 1
506 522 2
537 539 1
506 539 2
522 513 1
506 513 2
512 498 1
518 498 1
506 498 2
542 541 1
507 541 2
542 515 1
507 515 2
519 499 1
542 499 1
507 499 2
541 504 1
539 504 1
540 504 1
515 504 1
513 504 1
514 504 1
535 504 2
503 501 2
521 528 2
526 534 1
525 534 2
534 511 1
526 511 1
525 511 2
538 527 1
521 527 2
508 524 1
518 524 1
523 524 1
502 524 1
529 524 1
500 524 1
526 524 1
540 524 1
542 524 1
512 524 1
531 524 1
538 524 1
514 524 1
536 524 1
519 524 1
505 524 1
517 524 1
510 524 1
533 524 1
537 524 1
532 517 1
531 517 1
530 517 2
517 536 1
530 536 2
530 523 2
530 529 2
530 540 2
530 514 2
530 508 2
530 502 2
530 505 2
522 537 1
506 537 2
522 512 1
506 512 2
512 518 1
506 518 2
509 542 1
507 542 2
542 519 1
507 519 2
503 533 2
503 510 2
522 538 1
523 538 1
521 538 2
522 526 1
523 526 1
521 526 2
531 496 1
532 520 1
531 520 1
532 530 1
531 530 1
517 516 1
530 516 2
536 535 1
530 535 2
509 506 1
535 506 2
509 507 1
506 507 2
504 503 1
535 503 2
499 497 1
498 497 1
500 497 1
503 497 2
522 521 1
523 521 1
503 521 2
526 525 1
521 525 2
258 355 2
369 289 1
368 289 2
289 316 1
286 316 2
376 382 1
286 382 2
316 301 1
286 301 2
300 262 1
306 262 1
286 262 2
385 384 1
287 384 2
385 303 1
287 303 2
307 263 1
385 263 1
287 263 2
384 274 1
382 274 1
383 274 1
303 274 1
301 274 1
302 274 1
368 274 2
271 267 2
315 343 2
337 367 1
336 367 2
367 295 1
337 295 1
336 295 2
377 341 1
315 341 2
355 305 1
354 305 1
352 305 2
305 369 1
352 369 2
352 317 2
352 344 2
352 383 2
352 302 2
352 288 2
352 269 2
352 276 2
316 376 1
286 376 2
316 300 1
286 300 2
300 306 1
286 306 2
289 385 1
287 385 2
385 307 1
287 307 2
271 364 2
271 292 2
316 377 1
317 377 1
315 377 2
316 337 1
317 337 1
315 337 2
354 258 1
355 314 1
354 314 1
355 352 1
354 352 1
305 304 1
352 304 2
369 368 1
352 368 2
289 286 1
368 286 2
289 287 1
286 287 2
274 271 1
368 271 2
263 260 1
262 260 1
264 260 1
271 260 2
316 315 1
317 315 1
271 315 2
337 336 1
315 336 2
158 157 1
156 157 2
154 155 1
156 158 2
155 153 1
157 153 1
156 153 2
153 160 1
152 160 2
158 156 1
155 156 1
153 152 1
156 152 2
160 159 1
152 159 2
227 226 1
225 226 2
229 232 1
226 232 1
225 232 2
235 229 1
228 228 1
229 228 1
228 230 1
225 227 2
235 234 1
227 225 1
228 225 1
232 231 1
230 231 1
225 231 2
234 233 1
249 252 1
240 252 1
236 252 2
253 255 1
243 244 1
254 244 2
244 247 1
254 247 2
243 248 1
254 248 2
242 240 1
249 246 1
240 246 1
240 251 1
245 251 2
252 239 1
251 239 1
250 239 2
239 237 1
238 237 2
246 253 1
255 243 1
242 241 1
246 245 1
251 236 1
245 236 2
252 250 1
251 250 1
245 250 2
239 238 1
250 238 2
255 254 1
135 137 2
134 136 1
136 135 1
107 106 1
105 106 2
113 112 1
106 112 1
114 112 2
104 110 1
102 110 2
104 113 1
103 113 2
105 107 2
109 108 2
104 103 1
107 105 1
113 105 1
103 105 2
113 114 1
106 114 1
105 114 2
104 102 1
103 102 2
110 109 1
112 109 1
111 109 1
96 95 1
94 95 2
101 91 1
85 91 2
87 88 1
93 100 2
94 96 2
88 86 1
95 86 1
94 86 2
86 101 1
85 101 2
85 92 2
96 94 1
88 94 1
93 94 2
86 85 1
94 85 2
91 89 1
92 89 1
85 89 2
100 98 1
101 98 1
89 98 2
91 90 1
92 90 1
89 90 2
100 97 1
91 97 1
92 97 1
90 97 2
100 99 1
91 99 1
92 99 1
97 99 2
41 42 2
556 555 1
543 555 2
549 553 1
548 553 2
561 563 2
562 550 1
561 550 2
562 547 1
561 547 2
550 545 1
547 545 1
561 545 2
563 556 1
561 556 2
545 557 1
556 557 1
544 557 2
557 551 1
544 551 2
561 554 2
550 560 1
561 560 2
560 564 1
559 564 2
555 549 1
556 549 1
560 549 1
558 549 2
562 561 1
547 546 1
561 546 2
545 544 1
561 544 2
556 543 1
545 543 1
551 543 1
544 543 2
560 559 1
561 559 2
560 558 1
561 558 2
549 548 1
558 548 2
553 552 1
554 552 1
561 552 2
138 143 1
139 143 2
140 142 2
139 138 2
141 139 1
143 140 1
141 140 1
73 71 1
75 71 1
74 71 1
72 71 2
69 73 1
73 72 1
71 70 1
72 70 2
405 400 1
404 400 2
400 402 1
404 402 2
406 407 2
400 394 1
406 394 2
394 403 1
406 403 2
407 393 1
403 393 1
394 393 1
406 393 2
406 408 2
408 398 1
407 398 1
406 398 2
405 404 1
402 401 1
404 401 2
401 406 2
393 392 1
406 392 2
398 397 1
406 397 2
398 395 1
397 395 2
398 396 1
395 396 2
400 399 1
401 399 2
54 61 1
56 58 1
62 55 1
57 55 2
58 57 1
55 52 1
57 52 2
54 53 1
59 60 1
387 389 1
387 386 1
? 1 1 1

0 2 1
1 2 2
2 3 1
1 3 2
0 5 1
2 5 1
4 5 2
5 6 1
4 6 2
2 8 1
1 8 2
8 10 1
9 10 2
8 12 1
11 12 2
12 13 1
11 13 2
12 14 1
11 14 2
2 15 1
14 15 1
11 15 2
0 1 1
3 4 1
1 4 2
6 7 1
4 7 2
8 9 1
1 9 2
10 11 1
9 11 2
13 16 1
3 16 1
15 16 1
11 16 2
? 0 0 0

0 1 2
7 13 1
10 13 1
13 14 1
18 20 1
19 20 2
21 23 1
22 23 2
23 24 1
22 24 2
2 4 1
2 7 1
2 9 1
9 10 1
6 10 1
14 16 1
19 18 2
20 21 1
14 21 1
2 21 1
4 21 1
10 21 1
19 21 2
24 27 1
23 27 1
17 27 1
26 27 2
2 3 1
4 5 1
7 8 1
10 11 1
9 12 1
10 12 1
14 15 1
14 19 1
18 19 1
21 22 1
19 22 2
24 25 1
23 25 1
17 25 1
14 26 1
24 26 1
23 26 1
17 26 1
25 26 2
28 29 1
29 36 1
35 36 2
30 32 2
29 34 1
29 30 1
30 31 2
32 33 1
30 33 2
29 35 1
36 37 1
35 37 2
? 0 0 0

0 1 1
? 0 0 0

10 11 2
8 12 1
10 12 2
1 7 1
0 7 1
1 2 1
2 3 2
3 4 2
2 5 2
5 6 2
1 10 1
0 10 1
12 13 1
7 13 1
10 13 2
12 14 1
8 14 1
12 15 1
8 15 1
14 15 2
15 16 2
11 17 1
9 17 1
14 17 2
17 18 2
7 19 1
14 19 2
20 21 2
1 22 1
0 22 1
22 23 2
23 24 2
25 26 2
? 0 0 0

0 1 1
1 2 1
3 3 1
2 4 1
3 4 1
0 4 1
? 0 0 0

56 57 2
59 60 2
58 61 1
59 61 2
61 62 1
59 62 2
66 68 2
69 71 1
70 71 2
67 72 1
70 72 2
74 75 2
76 78 1
77 78 2
65 79 1
77 79 2
58 80 1
59 80 2
80 81 1
65 81 1
68 81 1
59 81 2
58 65 1
59 65 2
65 67 1
66 67 2
70 69 2
77 76 2
58 59 1
56 59 2
59 63 2
63 64 2
59 66 2
69 70 1
66 70 2
65 74 1
73 74 1
66 74 2
76 77 1
74 77 2
59 82 2
82 83 2
28 29 2
31 32 2
30 33 1
31 33 2
33 34 1
31 34 2
38 40 2
41 43 1
42 43 2
39 44 1
42 44 2
46 47 2
48 50 1
49 50 2
37 51 1
49 51 2
30 52 1
31 52 2
40 53 1
52 53 1
37 53 1
31 53 2
30 37 1
31 37 2
37 39 1
38 39 2
42 41 2
49 48 2
30 31 1
28 31 2
31 35 2
35 36 2
31 38 2
41 42 1
38 42 2
45 46 1
37 46 1
38 46 2
48 49 1
46 49 2
31 54 2
54 55 2
0 1 2
3 4 2
2 5 1
3 5 2
5 6 1
3 6 2
10 12 2
13 15 1
14 15 2
11 16 1
14 16 2
18 19 2
20 22 1
21 22 2
9 23 1
21 23 2
2 24 1
3 24 2
24 25 1
9 25 1
12 25 1
3 25 2
2 9 1
3 9 2
9 11 1
10 11 2
14 13 2
21 20 2
2 3 1
0 3 2
3 7 2
7 8 2
3 10 2
13 14 1
10 14 2
9 18 1
17 18 1
10 18 2
20 21 1
18 21 2
3 26 2
26 27 2
168 169 2
172 173 2
171 174 1
170 174 1
172 174 2
170 175 1
172 175 2
175 176 1
171 176 1
172 176 2
175 177 1
171 177 1
172 177 2
175 178 1
171 178 1
172 178 2
170 181 1
171 181 1
179 181 1
172 181 2
170 182 1
172 182 2
181 183 1
182 183 1
171 183 1
172 183 2
182 184 1
171 184 1
183 184 1
172 184 2
184 185 1
182 185 1
171 185 1
172 185 2
170 179 1
172 179 2
170 172 1
168 172 2
179 180 1
172 180 2
140 141 2
143 144 2
142 145 1
143 145 2
145 146 1
143 146 2
150 152 2
153 155 1
154 155 2
151 156 1
154 156 2
158 159 2
160 162 1
161 162 2
149 163 1
161 163 2
142 164 1
143 164 2
164 165 1
149 165 1
152 165 1
143 165 2
142 149 1
143 149 2
149 151 1
150 151 2
154 153 2
161 160 2
142 143 1
140 143 2
143 147 2
147 148 2
143 150 2
153 154 1
150 154 2
149 158 1
157 158 1
150 158 2
160 161 1
158 161 2
143 166 2
166 167 2
112 113 2
115 116 2
114 117 1
115 117 2
117 118 1
115 118 2
122 124 2
125 127 1
126 127 2
123 128 1
126 128 2
130 131 2
132 134 1
133 134 2
121 135 1
133 135 2
114 136 1
115 136 2
136 137 1
124 137 1
121 137 1
115 137 2
114 121 1
115 121 2
121 123 1
122 123 2
126 125 2
133 132 2
114 115 1
112 115 2
115 119 2
119 120 2
115 122 2
125 126 1
122 126 2
129 130 1
121 130 1
122 130 2
132 133 1
130 133 2
115 138 2
138 139 2
84 85 2
87 88 2
86 89 1
87 89 2
89 90 1
87 90 2
94 96 2
97 99 1
98 99 2
95 100 1
98 100 2
102 103 2
104 106 1
105 106 2
93 107 1
105 107 2
86 108 1
87 108 2
108 109 1
96 109 1
93 109 1
87 109 2
86 93 1
87 93 2
93 95 1
94 95 2
98 97 2
105 104 2
86 87 1
84 87 2
87 91 2
91 92 2
87 94 2
97 98 1
94 98 2
93 102 1
101 102 1
94 102 2
104 105 1
102 105 2
87 110 2
110 111 2
? 1 1 1

