0 2 1
1 2 2
0 3 1
1 3 2
0 5 1
4 5 2
0 6 1
4 6 2
0 8 1
7 8 2
0 9 1
7 9 2
? 1 1 1

0 2 1
1 2 1
2 3 1
2 4 1
3 4 1
5 6 1
7 9 1
8 9 1
9 10 1
10 11 1
9 11 1
12 13 1
29 30 1
28 30 2
27 33 1
26 33 2
36 39 1
37 39 1
38 39 1
35 39 2
17 40 1
35 40 2
16 17 1
17 18 1
14 18 1
15 18 1
17 22 1
21 22 2
21 23 2
21 24 2
24 25 1
23 25 1
21 25 2
16 27 1
26 27 2
16 29 1
28 29 2
18 31 1
26 31 2
31 32 1
26 32 2
21 34 2
17 36 1
35 36 2
35 37 2
37 38 1
35 38 2
19 20 2
19 21 2
25 26 1
21 26 2
24 28 1
27 28 1
26 28 2
34 35 1
21 35 2
? 1 1 1

0 1 2
1 2 2
1 3 2
1 4 2
1 5 2
0 6 2
6 7 2
7 8 2
7 9 2
7 10 2
7 11 2
6 12 2
12 13 2
12 14 2
14 15 2
15 16 2
17 18 2
17 19 2
17 20 2
17 21 2
17 22 2
17 23 2
17 24 2
24 25 2
24 26 2
? 0 0 0

14 16 1
15 16 2
14 17 1
15 17 2
18 19 2
18 20 2
27 29 1
28 29 1
26 29 2
13 14 2
22 23 1
23 24 1
20 24 1
17 24 1
12 24 1
19 27 1
16 27 1
11 27 1
26 27 2
24 28 1
26 28 2
22 31 1
30 31 2
33 34 1
23 34 1
32 34 1
14 15 1
13 15 2
20 21 1
17 21 1
12 21 1
19 21 1
16 21 1
11 21 1
19 26 1
16 26 1
11 26 1
29 30 1
25 30 1
0 1 1
1 3 1
3 4 1
1 5 1
4 5 1
3 6 1
3 7 1
9 10 1
4 10 1
8 10 1
1 2 1
49 51 1
50 51 1
50 52 1
52 53 1
51 53 1
53 54 1
55 57 1
56 57 1
56 58 1
57 59 1
58 59 1
59 60 1
35 37 1
36 37 1
36 38 1
39 39 1
38 40 1
37 40 1
39 40 1
40 41 1
42 44 1
43 44 1
43 45 1
46 46 1
44 47 1
46 47 1
45 47 1
47 48 1
61 63 1
62 63 2
62 61 2
63 64 1
62 64 2
61 62 1
64 65 1
62 65 2
? 1 1 1

103 101 1
102 101 2
77 82 2
77 83 2
77 97 2
77 95 2
94 84 2
81 92 1
80 92 2
79 91 1
78 91 2
91 89 1
92 89 1
93 89 1
87 89 1
90 89 2
89 85 1
88 85 1
95 85 1
96 85 1
94 85 2
85 86 1
84 86 1
94 93 2
95 81 1
96 81 1
94 81 2
95 79 1
96 79 1
80 79 2
94 87 2
94 88 2
76 77 2
95 94 1
96 94 1
81 80 1
94 80 2
79 78 1
80 78 2
87 90 1
91 90 1
92 90 1
93 90 1
94 90 2
11 16 1
30 24 1
30 23 1
15 18 2
15 14 2
15 19 2
25 27 1
22 17 1
22 21 1
22 20 1
16 10 1
11 30 1
14 29 1
15 12 2
22 13 1
22 26 1
26 25 1
29 28 1
128 127 1
31 32 2
59 60 2
60 61 2
0 2 2
0 1 2
99 98 2
99 100 2
36 35 1
34 35 2
33 38 1
35 38 1
34 38 2
33 37 1
34 36 2
33 34 1
36 34 1
45 44 1
43 44 2
47 42 1
44 42 1
43 42 2
48 39 1
47 48 1
48 41 1
40 41 1
43 45 2
47 46 1
45 43 1
48 43 1
121 123 2
126 119 1
114 119 2
115 117 2
125 120 1
118 126 1
114 126 2
125 124 1
122 121 1
125 116 1
118 116 1
118 115 1
114 115 2
68 67 1
66 67 1
71 70 1
69 70 2
70 65 1
69 65 2
67 64 1
69 71 2
71 69 1
67 69 1
109 108 1
107 108 2
112 111 1
110 111 2
105 106 1
107 106 2
113 113 1
107 109 2
110 112 2
109 107 1
113 107 1
112 110 1
108 110 1
107 110 2
108 104 1
111 104 1
110 104 2
56 55 1
54 55 2
58 58 1
57 58 1
49 58 1
53 52 1
53 51 1
51 50 1
52 50 1
58 50 1
54 56 2
56 54 1
50 54 1
74 73 2
74 72 2
75 74 1
63 62 1
9 6 1
3 6 2
6 8 1
3 8 2
6 7 1
3 7 2
5 9 1
4 9 2
5 4 1
9 3 1
4 3 2
? 1 1 1

0 2 1
2 4 1
3 4 2
4 5 1
3 5 2
0 1 1
2 3 1
5 6 1
3 6 2
? 0 0 0

0 2 1
1 2 2
1 0 2
2 3 1
1 3 2
0 1 1
4 6 1
5 6 1
5 7 1
4 7 1
? 1 1 1

68 69 1
1 2 2
3 3 1
1 3 2
4 5 2
0 1 1
3 4 1
1 4 2
0 6 1
2 6 1
4 6 2
8 8 1
7 8 2
8 9 1
7 9 2
8 11 1
7 11 2
15 16 2
15 17 2
15 18 2
15 19 2
19 20 1
16 20 1
13 20 1
18 20 1
14 20 1
15 20 2
9 10 1
7 10 2
11 12 1
9 12 1
7 12 2
14 15 1
22 24 2
24 26 1
21 26 1
26 27 1
26 33 1
34 35 2
34 36 2
34 37 2
32 38 1
37 38 1
33 38 1
39 38 1
29 38 1
36 38 1
34 38 2
26 40 1
41 42 2
41 43 2
41 44 2
29 45 1
46 45 1
32 45 1
40 45 1
44 45 1
43 45 1
41 45 2
26 47 1
48 49 2
48 50 2
48 51 2
29 52 1
53 52 1
32 52 1
51 52 1
47 52 1
50 52 1
48 52 2
21 22 1
22 23 2
24 25 1
22 25 2
27 28 1
30 31 2
33 34 1
40 41 1
47 48 1
54 55 1
54 57 1
55 56 1
60 61 1
61 63 1
58 65 1
58 59 1
61 62 1
63 64 1
66 67 2
? 1 1 1

0 1 1
0 2 1
0 3 1
0 4 1
0 5 1
0 6 1
0 7 1
? 1 1 1

0 1 1
2 3 1
4 5 1
2 4 1
6 8 1
7 8 2
6 9 1
7 9 2
7 10 2
11 12 2
13 15 1
14 15 2
14 13 2
15 16 1
14 16 2
6 7 1
6 11 1
13 14 1
11 14 2
17 18 2
17 19 2
20 22 1
21 22 2
21 20 2
22 23 1
21 23 2
19 24 1
18 24 1
23 24 1
21 24 2
20 21 1
? 1 1 1

7 9 1
8 9 2
3 11 1
10 11 2
11 15 1
9 15 1
5 15 1
4 15 1
13 15 1
14 15 2
14 16 2
4 17 1
11 17 1
9 17 1
5 17 1
14 17 2
14 18 2
4 19 1
12 19 2
12 20 2
22 24 1
23 24 2
21 26 1
2 26 2
2 27 2
0 3 1
2 3 2
3 4 1
2 4 2
2 5 2
3 7 1
6 7 2
11 13 1
9 13 1
5 13 1
12 13 2
2 21 2
23 22 2
0 25 1
24 25 1
23 25 2
0 1 1
0 2 1
3 6 1
2 6 2
7 8 1
6 8 2
3 10 1
6 10 2
11 12 1
9 12 1
5 12 1
2 12 2
13 14 1
12 14 2
22 23 1
0 23 1
2 23 2
? 0 0 0

1 3 1
2 3 2
2 1 2
3 5 1
4 5 2
5 6 1
4 6 2
5 8 1
7 8 2
1 2 1
3 4 1
2 4 2
6 7 1
4 7 2
0 9 1
8 9 1
7 9 2
11 12 1
10 12 1
18 19 2
33 35 1
34 35 2
19 46 1
17 46 1
45 46 2
20 21 2
18 22 2
24 25 2
25 26 1
24 26 2
25 29 1
28 29 2
29 31 1
31 31 1
30 31 2
34 33 2
29 36 1
35 36 1
34 36 2
40 41 2
13 14 2
15 16 2
18 20 2
22 23 1
18 23 2
18 24 2
26 27 1
24 27 2
24 28 2
29 30 1
28 30 2
31 32 1
30 32 2
31 34 1
33 34 1
32 34 2
18 37 2
37 38 2
38 39 2
18 40 2
41 42 1
40 42 2
41 43 1
40 43 2
41 44 1
40 44 2
49 50 1
47 47 1
47 48 1
52 55 1
51 55 2
53 56 1
51 56 2
51 57 2
60 62 1
61 62 2
61 63 2
56 66 1
63 66 1
62 66 1
65 66 2
70 71 1
69 71 2
68 72 1
69 72 2
51 52 2
52 53 1
51 53 2
58 59 1
59 60 1
60 60 1
57 64 1
63 64 1
62 64 1
66 68 1
67 68 2
68 70 1
69 70 2
60 51 1
53 54 1
51 54 2
60 61 1
64 65 1
60 67 1
63 67 1
62 67 1
65 67 2
68 69 1
67 69 2
71 73 1
67 73 2
? 1 1 1

4 5 1
8 9 1
10 11 1
10 12 1
12 13 1
13 14 1
1 2 1
0 2 1
2 3 1
2 4 1
4 6 1
6 7 1
7 8 1
8 10 1
20 34 1
33 34 2
32 35 1
33 35 2
34 36 1
20 36 1
31 36 2
20 37 1
31 37 2
39 40 1
38 40 2
15 19 1
18 19 2
19 20 1
18 20 2
21 23 2
20 25 1
24 25 2
19 30 1
18 30 2
30 32 1
31 32 2
15 39 1
38 39 2
45 46 2
40 49 1
37 49 1
36 49 1
16 49 1
48 49 2
40 51 1
37 51 1
36 51 1
16 51 1
50 51 2
15 17 1
15 18 1
17 18 2
18 21 2
21 22 2
20 24 1
21 24 2
20 26 1
18 26 2
18 28 2
28 29 2
27 31 1
30 31 1
18 31 2
32 33 1
27 33 1
31 33 2
15 38 1
18 38 2
15 41 1
38 41 2
15 42 1
41 42 2
15 43 1
42 43 2
40 44 1
37 44 1
36 44 1
16 44 1
17 44 2
44 45 2
45 47 2
40 48 1
37 48 1
36 48 1
16 48 1
45 48 2
40 50 1
37 50 1
36 50 1
16 50 1
45 50 2
17 52 2
52 53 2
? 1 1 1

45 44 1
43 44 2
42 41 2
42 47 2
43 45 2
44 46 1
47 46 1
43 46 2
47 43 1
45 43 1
42 43 2
90 85 1
84 85 2
85 83 1
84 83 2
83 87 1
82 87 2
83 89 1
81 89 2
83 92 1
80 92 2
85 84 1
83 82 1
84 82 2
87 86 1
82 86 2
83 81 1
82 81 2
89 88 1
81 88 2
83 80 1
81 80 2
92 91 1
80 91 2
37 35 1
37 36 1
284 283 1
285 283 1
283 282 1
283 281 1
282 281 2
99 98 1
38 39 2
38 40 2
94 96 1
93 96 2
94 93 1
96 95 1
97 95 1
11 22 2
22 14 1
21 14 2
14 16 1
13 16 2
16 17 1
15 17 2
14 20 1
12 20 2
20 18 1
19 18 2
22 21 1
11 21 2
14 13 1
21 13 2
16 15 1
13 15 2
14 12 1
13 12 2
20 19 1
12 19 2
3 10 2
10 5 1
9 5 2
5 8 1
4 8 2
10 9 1
3 9 2
5 4 1
9 4 2
8 6 1
4 6 2
8 7 1
4 7 2
0 2 2
2 1 1
0 1 2
144 161 1
179 161 1
180 162 1
145 162 1
187 125 1
131 130 1
129 130 2
165 164 1
129 164 2
153 189 1
190 189 1
139 124 1
152 124 1
114 136 1
114 181 1
181 179 1
136 144 1
115 137 1
115 182 1
182 180 1
137 145 1
108 128 1
128 146 1
174 155 1
110 127 1
127 119 1
187 119 1
168 119 1
175 186 1
111 188 1
167 120 1
131 120 1
187 120 1
165 120 1
163 120 1
186 120 1
188 120 1
187 167 1
167 163 1
129 131 2
167 165 1
130 165 1
129 165 2
176 156 1
109 102 1
169 118 1
118 118 1
102 118 1
178 152 1
152 139 1
152 143 1
151 143 2
140 183 2
183 184 1
140 184 2
140 154 2
140 103 2
143 117 1
140 117 2
143 185 1
138 185 2
152 123 1
149 123 2
152 147 1
150 147 2
177 126 1
177 170 1
170 132 1
126 132 1
170 121 1
126 121 1
170 122 1
126 122 1
122 133 1
121 133 1
121 148 1
132 148 1
133 148 1
114 112 1
181 134 1
136 134 1
179 100 1
144 141 1
161 160 1
158 160 1
115 113 1
182 135 1
137 135 1
180 101 1
145 142 1
162 157 1
159 157 1
108 104 1
173 172 1
173 171 1
172 171 2
110 105 1
111 106 1
167 166 1
131 129 1
167 129 1
109 107 1
152 151 1
143 140 1
151 140 2
117 116 1
140 116 2
143 138 1
139 138 1
117 138 1
116 138 2
152 149 1
151 149 2
152 150 1
149 150 2
234 251 1
269 251 1
205 226 1
205 271 1
271 269 1
226 234 1
205 203 1
271 224 1
226 224 1
269 191 1
234 231 1
251 250 1
248 250 1
270 252 1
235 252 1
206 227 1
206 272 1
272 270 1
227 235 1
206 204 1
272 225 1
227 225 1
270 192 1
235 232 1
252 247 1
249 247 1
199 218 1
218 236 1
199 195 1
263 262 1
263 261 1
262 261 2
264 245 1
201 217 1
217 210 1
277 210 1
258 210 1
201 196 1
221 220 1
219 220 2
255 254 1
219 254 2
265 276 1
202 278 1
257 211 1
221 211 1
255 211 1
253 211 1
276 211 1
278 211 1
257 253 1
219 221 2
257 255 1
220 255 1
219 255 2
202 197 1
257 256 1
221 219 1
257 219 1
29 28 1
27 28 2
32 31 1
27 31 2
34 30 1
27 29 2
34 32 1
28 32 1
27 32 2
34 33 1
29 27 1
34 27 1
266 246 1
200 193 1
259 209 1
209 209 1
193 209 1
200 198 1
243 279 1
280 279 1
229 215 1
242 215 1
268 242 1
242 229 1
242 233 1
241 233 2
230 273 2
273 274 1
230 274 2
230 244 2
230 194 2
233 208 1
230 208 2
233 275 1
228 275 2
242 214 1
239 214 2
242 237 1
240 237 2
242 241 1
233 230 1
241 230 2
208 207 1
230 207 2
233 228 1
229 228 1
208 228 1
207 228 2
242 239 1
241 239 2
242 240 1
239 240 2
267 216 1
267 260 1
260 222 1
216 222 1
260 212 1
216 212 1
260 213 1
216 213 1
213 223 1
212 223 1
212 238 1
222 238 1
223 238 1
25 24 2
25 26 2
24 23 1
25 23 2
50 48 2
48 54 1
50 54 2
49 53 2
54 51 1
50 51 2
50 49 2
53 52 1
49 52 2
62 63 1
63 64 1
301 303 1
300 303 2
302 291 2
303 297 1
296 297 2
297 295 1
296 295 2
295 299 1
294 299 2
288 287 2
301 300 1
303 302 1
300 302 2
297 296 1
302 296 2
295 293 1
296 293 2
295 294 1
293 294 2
299 298 1
294 298 2
295 292 1
294 292 2
291 289 1
302 289 2
290 288 1
287 286 1
288 286 2
58 57 2
57 61 1
58 61 2
56 55 1
61 60 1
58 60 2
58 59 2
73 66 1
65 66 2
65 73 2
69 72 2
72 70 2
70 68 2
68 71 2
71 67 2
76 79 2
79 77 2
77 75 2
75 78 2
78 74 2
? 0 0 0

