21 23 1
22 23 2
28 30 1
29 30 2
27 34 1
33 34 2
36 38 1
37 38 2
15 41 1
39 41 1
37 41 2
37 42 2
39 44 1
43 44 2
47 50 1
49 50 2
39 54 1
53 54 2
58 61 1
60 61 2
39 65 1
62 65 1
60 65 2
65 67 1
66 67 2
70 73 1
72 73 2
39 75 1
37 75 2
78 81 1
80 81 2
19 83 1
22 21 2
23 24 1
22 24 2
26 27 2
29 28 2
30 31 1
29 31 2
35 35 1
37 36 2
38 39 1
37 39 2
39 40 1
37 40 2
41 46 1
40 46 1
45 46 2
49 47 2
35 48 1
46 48 1
49 48 2
39 52 1
15 52 1
37 52 2
52 55 1
37 55 2
60 58 2
55 59 1
35 59 1
60 59 2
55 62 1
61 62 1
60 62 2
67 69 1
68 69 2
72 70 2
69 71 1
35 71 1
72 71 2
75 77 1
41 77 1
40 77 1
76 77 2
80 78 2
35 79 1
77 79 1
80 79 2
21 22 1
35 22 1
20 22 2
24 25 1
22 25 2
20 26 2
28 29 1
35 29 1
26 29 2
18 32 1
31 32 1
17 32 1
29 32 2
27 33 1
26 33 2
36 37 1
35 37 1
41 43 1
40 43 1
37 43 2
41 45 1
40 45 1
16 45 1
43 45 2
47 49 1
48 49 1
45 49 2
18 51 1
50 51 1
46 51 1
49 51 2
52 53 1
37 53 2
55 56 1
37 56 2
56 57 2
58 60 1
59 60 1
37 60 2
62 63 1
60 63 2
63 64 2
65 66 1
60 66 2
16 68 1
67 68 1
66 68 2
70 72 1
71 72 1
68 72 2
18 74 1
73 74 1
69 74 1
72 74 2
75 76 1
41 76 1
40 76 1
16 76 1
37 76 2
79 80 1
78 80 1
76 80 2
18 82 1
81 82 1
77 82 1
80 82 2
1 2 2
0 5 1
3 5 2
3 4 2
0 1 1
1 3 2
5 6 1
3 6 2
2 7 1
0 7 1
8 9 1
10 12 1
10 11 1
12 13 1
10 14 1
13 14 2
? 0 0 0

2 4 1
3 4 2
0 1 1
3 2 2
4 5 1
3 5 2
2 3 1
5 6 1
1 6 1
3 6 2
9 11 1
10 11 2
14 16 1
15 16 2
10 9 2
15 14 2
8 10 1
9 10 1
7 12 1
8 12 1
11 12 1
10 12 2
14 15 1
13 15 1
16 17 1
7 17 1
13 17 1
15 17 2
18 20 1
22 24 1
23 24 2
29 31 1
30 31 2
33 35 1
34 35 2
36 40 1
39 40 2
43 45 1
44 45 2
46 50 1
49 50 2
23 22 2
21 25 1
24 25 1
23 25 2
26 27 2
34 33 2
32 36 1
35 36 1
34 36 2
36 38 1
37 38 2
44 43 2
42 46 1
45 46 1
44 46 2
46 48 1
47 48 2
18 19 1
21 23 1
22 23 1
25 26 1
23 26 2
25 28 1
27 28 1
26 28 2
29 30 1
33 34 1
32 34 1
36 37 1
34 37 2
38 39 1
37 39 2
40 41 1
38 41 1
37 41 2
42 44 1
43 44 1
46 47 1
44 47 2
48 49 1
47 49 2
50 51 1
48 51 1
47 51 2
52 53 1
? 0 0 0

0 1 2
15 16 1
20 22 1
21 22 2
23 25 1
24 25 2
25 26 1
24 26 2
2 4 1
2 7 1
2 9 1
9 10 1
6 10 1
10 14 1
4 14 1
13 14 2
7 15 1
10 15 1
16 18 1
21 20 2
10 23 1
22 23 1
4 23 1
2 23 1
16 23 1
21 23 2
26 29 1
25 29 1
19 29 1
28 29 2
2 3 1
4 5 1
7 8 1
10 11 1
10 12 1
9 12 1
7 13 1
16 17 1
16 21 1
20 21 1
23 24 1
21 24 2
26 27 1
25 27 1
19 27 1
16 28 1
26 28 1
25 28 1
19 28 1
27 28 2
36 39 1
38 39 2
32 41 1
40 41 2
30 32 1
32 36 1
35 36 2
36 37 1
35 37 2
43 45 1
44 45 2
30 31 1
32 35 1
37 38 1
35 38 2
32 40 1
35 40 2
41 42 1
39 42 1
33 42 1
43 44 1
30 44 1
41 44 1
39 44 1
33 44 1
45 46 1
44 46 2
34 47 1
41 47 1
39 47 1
33 47 1
46 47 2
53 54 1
54 59 1
58 59 2
50 51 1
48 51 1
54 57 1
48 49 1
51 52 1
54 55 1
55 56 2
54 58 1
59 60 1
58 60 2
61 62 1
? 1 1 1

0 1 1
1 3 1
1 4 1
1 2 1
? 0 0 0

2 3 1
0 3 1
4 5 1
9 10 1
11 12 1
23 24 1
22 24 2
23 25 1
24 25 1
22 25 2
16 27 1
26 27 1
22 27 2
0 30 1
0 1 1
1 2 1
0 2 1
0 4 1
1 4 1
5 6 1
0 7 1
0 8 1
0 9 1
8 9 1
0 11 1
8 11 1
12 13 1
0 14 1
0 15 1
15 16 1
14 16 1
0 16 1
16 17 1
16 18 1
17 18 1
18 19 1
20 21 1
21 21 1
0 21 1
21 23 1
22 23 2
16 26 1
17 26 1
22 26 2
0 28 1
28 29 1
0 29 1
30 31 1
0 31 1
31 32 1
21 22 1
? 0 0 0

11 13 1
12 13 2
12 15 2
15 17 1
7 17 1
5 17 2
18 20 1
19 20 2
15 24 1
7 24 1
23 24 2
32 34 1
33 34 2
2 3 2
2 4 2
0 6 1
6 6 1
5 6 2
5 7 2
3 9 1
5 9 2
10 10 1
6 10 1
5 10 2
12 11 2
7 14 1
12 14 2
19 18 2
10 21 1
20 21 1
6 21 1
19 21 2
15 22 1
7 22 1
19 22 2
17 25 1
5 25 2
3 27 1
2 27 2
27 28 1
2 28 2
29 30 2
30 31 1
29 31 2
33 32 2
30 35 1
29 35 2
36 37 1
1 5 1
4 5 1
3 5 1
2 5 2
5 8 2
11 12 1
10 12 1
5 12 2
12 16 2
18 19 1
10 19 1
5 19 2
15 23 1
7 23 1
19 23 2
5 26 2
1 29 1
2 29 2
30 33 1
32 33 1
29 33 2
38 39 2
40 41 2
41 43 1
40 43 2
40 44 2
44 45 1
40 45 2
44 46 1
40 46 2
47 48 2
48 49 1
47 49 2
47 50 2
49 51 1
47 51 2
48 52 1
47 52 2
41 42 1
40 42 2
? 1 1 1

0 1 1
2 3 1
3 5 1
4 5 2
5 6 1
0 6 1
4 6 2
3 4 1
75 76 1
76 78 1
77 78 2
78 79 1
77 79 2
76 77 1
50 52 1
51 52 2
64 66 1
65 66 2
53 55 1
54 55 2
58 59 2
58 61 2
62 63 2
65 64 2
67 68 2
69 70 2
71 71 1
68 71 1
69 71 2
71 73 1
72 73 2
72 74 2
50 51 1
53 54 1
56 57 1
59 60 1
58 60 2
61 62 1
58 62 2
61 65 1
64 65 1
62 65 2
68 69 1
67 69 2
71 72 1
69 72 2
14 16 1
15 16 2
15 14 2
15 17 2
16 18 1
15 18 2
16 20 1
15 20 2
14 15 1
18 19 1
15 19 2
20 21 1
15 21 2
33 36 1
35 36 2
32 38 1
37 38 2
22 39 1
37 39 2
22 23 1
24 25 2
27 26 2
24 28 2
30 29 2
29 31 1
28 31 1
30 31 2
31 32 1
30 32 2
31 33 1
30 33 2
30 34 2
23 24 1
25 27 1
26 27 1
24 27 2
28 30 1
29 30 1
24 30 2
33 35 1
30 35 2
32 37 1
35 37 2
10 12 1
11 12 2
10 11 1
7 13 1
9 13 1
8 13 1
40 41 1
41 42 1
44 43 2
40 45 1
43 45 1
44 45 2
45 46 1
44 46 2
45 48 1
47 48 2
41 44 1
43 44 1
46 47 1
44 47 2
48 49 1
47 49 2
? 1 1 1

7 11 1
10 11 2
2 13 1
12 13 2
13 15 1
11 15 1
4 15 1
14 15 2
15 17 1
16 17 2
0 2 1
1 2 2
3 4 2
3 5 2
5 7 1
8 7 1
9 7 1
2 7 1
6 7 2
5 8 1
6 8 2
5 9 1
6 9 2
0 1 1
2 3 1
1 3 2
5 6 1
3 6 2
7 10 1
6 10 2
11 12 1
4 12 1
3 12 2
13 14 1
11 14 1
4 14 1
3 14 2
13 16 1
11 16 1
4 16 1
14 16 2
? 0 0 0

2 7 2
9 10 2
7 12 1
9 12 2
13 15 1
14 15 2
15 16 1
0 16 1
17 18 2
16 19 1
13 19 1
17 19 2
20 21 2
22 23 2
27 28 2
26 29 1
25 29 2
26 32 1
25 32 2
24 34 1
2 3 2
2 5 2
2 6 2
9 11 2
0 13 1
19 26 1
15 26 1
0 26 1
25 26 2
1 2 2
3 4 1
0 4 1
2 4 2
8 9 2
25 27 2
25 30 2
25 31 2
25 33 2
? 0 0 0

1 5 1
4 5 2
1 6 1
2 6 2
10 11 1
9 11 2
14 16 1
15 16 2
8 21 1
17 21 1
20 21 2
21 22 1
17 22 1
16 22 1
15 22 2
22 23 1
15 23 2
26 28 1
27 28 2
28 29 1
27 29 2
29 31 1
28 31 1
30 31 2
31 34 1
28 34 1
8 34 1
29 34 1
33 34 2
0 1 2
1 3 1
2 3 2
6 8 1
5 8 1
1 8 1
7 8 2
9 10 2
9 12 2
9 13 2
10 14 1
15 14 2
16 17 1
10 17 1
15 17 2
9 24 2
9 25 2
27 26 2
1 2 1
0 2 2
3 4 1
1 4 1
2 4 2
6 7 1
5 7 1
1 7 1
0 7 2
7 9 2
14 15 1
9 15 2
17 18 1
15 18 2
16 19 1
15 19 2
17 20 1
8 20 1
19 20 2
26 27 1
9 27 2
29 30 1
27 30 2
31 32 1
30 32 2
28 33 1
8 33 1
32 33 2
? 0 0 0

4 6 1
5 6 2
7 8 1
5 8 2
5 4 2
6 7 1
3 7 1
5 7 2
0 1 1
3 5 1
4 5 1
7 9 1
8 9 1
5 9 2
7 10 1
2 10 1
5 10 2
15 17 1
16 17 2
18 19 1
16 19 2
16 15 2
17 18 1
14 18 1
16 18 2
11 12 1
14 16 1
15 16 1
19 20 1
18 20 1
16 20 2
18 21 1
13 21 1
16 21 2
? 1 1 1

0 0 1
1 2 2
6 13 2
3 14 2
4 5 2
3 4 2
4 6 2
6 7 2
7 8 2
7 9 2
7 10 2
10 11 2
6 12 2
3 15 2
18 21 1
20 21 2
33 34 2
38 41 1
40 41 2
52 53 2
57 58 2
73 75 1
74 75 2
83 85 1
84 85 2
87 89 1
88 89 2
103 105 1
104 105 2
102 108 1
107 108 2
110 112 1
111 112 2
110 114 1
113 114 2
110 116 1
115 116 2
121 123 1
122 123 2
120 124 2
141 143 1
142 143 2
144 145 2
16 17 2
17 18 1
16 18 2
22 23 2
26 27 2
27 28 1
26 28 2
30 31 2
31 32 1
30 32 2
35 36 2
36 38 1
37 38 2
36 39 1
37 39 2
42 43 2
43 44 1
42 44 2
46 47 2
49 50 2
50 51 1
49 51 2
54 55 2
55 56 1
54 56 2
55 61 1
60 61 2
61 62 1
60 62 2
62 64 1
63 64 2
68 69 2
69 70 1
70 70 1
68 70 2
71 71 1
69 71 1
68 71 2
71 73 1
72 73 2
70 76 1
72 76 2
77 78 2
79 79 1
78 79 1
77 79 2
78 80 1
77 80 2
80 82 1
81 82 2
84 83 2
80 86 1
85 86 1
84 86 2
88 87 2
79 91 1
90 91 2
92 93 2
95 96 2
97 97 1
96 97 1
95 97 2
96 100 1
99 100 2
101 102 2
104 103 2
109 110 2
117 118 2
118 119 1
117 119 2
122 121 2
125 126 2
130 131 2
135 136 2
136 137 1
135 137 2
137 139 1
138 139 2
142 141 2
18 19 1
16 19 2
17 20 1
19 20 2
16 22 2
23 24 1
22 24 2
22 25 2
25 26 2
28 29 1
26 29 2
25 30 2
32 33 1
30 33 2
30 35 2
36 37 1
35 37 2
38 40 1
37 40 2
35 42 2
44 45 1
42 45 2
42 46 2
46 48 2
48 49 2
51 52 1
49 52 2
49 54 2
56 57 1
54 57 2
47 59 1
54 59 2
55 60 1
59 60 2
62 63 1
60 63 2
64 65 1
63 65 2
54 66 2
46 67 2
67 68 2
71 72 1
70 72 1
68 72 2
73 74 1
69 74 1
72 74 2
68 77 2
79 81 1
77 81 2
82 84 1
83 84 1
81 84 2
86 88 1
87 88 1
84 88 2
79 90 1
80 90 1
89 90 1
85 90 1
88 90 2
77 92 2
93 94 1
92 94 2
92 95 2
97 98 1
95 98 2
96 99 1
98 99 2
100 101 1
99 101 2
103 104 1
100 104 1
101 104 2
100 106 1
105 106 1
104 106 2
102 107 1
101 107 2
95 109 2
109 111 2
111 113 2
113 115 2
116 117 1
114 117 1
112 117 1
110 117 1
109 117 2
119 120 1
117 120 2
119 122 1
121 122 1
120 122 2
109 125 2
126 127 1
125 127 2
125 128 2
128 129 2
129 130 2
131 132 1
130 132 2
130 133 2
133 134 2
134 135 2
137 138 1
135 138 2
139 140 1
138 140 2
139 142 1
141 142 1
140 142 2
151 153 2
151 154 2
151 155 2
152 156 1
151 156 2
159 163 1
162 163 2
163 166 1
159 166 1
165 166 2
163 167 1
159 167 1
165 167 2
165 168 2
150 171 1
169 171 2
166 172 1
164 172 1
169 172 2
169 173 2
174 175 2
169 176 2
175 178 1
177 178 2
175 179 1
177 179 2
181 182 2
169 183 2
158 184 1
169 184 2
169 185 2
170 186 1
169 186 2
166 189 1
164 189 1
187 189 2
187 190 2
188 191 1
187 191 2
158 193 1
187 193 2
166 194 1
164 194 1
187 194 2
187 195 2
192 196 1
187 196 2
198 199 1
197 199 2
167 202 1
201 202 2
154 204 1
200 204 1
201 204 2
155 205 1
201 205 2
203 206 1
201 206 2
204 209 1
154 209 1
207 209 2
204 210 1
154 210 1
207 210 2
149 211 1
207 211 2
211 212 1
210 212 1
209 212 1
208 212 1
207 212 2
217 218 2
167 219 1
216 219 2
222 223 2
149 225 1
223 225 1
219 225 1
218 225 1
215 225 1
224 225 2
223 226 1
219 226 1
218 226 1
215 226 1
149 226 1
224 226 2
223 227 1
219 227 1
218 227 1
215 227 1
149 227 1
224 227 2
223 228 1
219 228 1
218 228 1
215 228 1
149 228 1
224 228 2
228 230 1
227 230 1
226 230 1
225 230 1
214 230 1
229 230 2
148 232 2
167 233 1
148 233 2
148 234 2
234 236 1
235 236 2
237 239 2
238 240 1
239 240 1
237 240 2
241 242 1
237 242 2
231 243 1
237 243 2
238 244 1
237 244 2
149 249 1
247 249 2
248 250 1
247 250 2
231 251 1
247 251 2
149 256 1
254 256 2
255 257 1
254 257 2
231 258 1
254 258 2
231 259 1
252 259 2
148 261 2
148 262 2
260 263 1
148 263 2
205 266 1
155 266 1
233 266 1
167 266 1
265 266 2
149 267 1
205 267 1
155 267 1
233 267 1
167 267 1
265 267 2
267 268 1
266 268 1
264 268 2
233 271 1
167 271 1
270 271 2
236 272 1
234 272 1
270 272 2
271 273 1
270 273 2
233 275 1
167 275 1
274 275 2
236 276 1
234 276 1
274 276 2
275 277 1
274 277 2
277 280 1
273 280 1
233 280 1
167 280 1
279 280 2
279 281 2
281 282 1
280 282 1
278 282 1
148 282 2
277 285 1
273 285 1
233 285 1
167 285 1
283 285 2
287 291 1
290 291 2
292 294 1
293 294 2
292 295 1
293 295 2
284 296 1
283 296 2
297 298 1
148 298 2
299 300 1
148 300 2
301 302 1
148 302 2
285 304 1
148 304 2
148 305 2
303 306 1
148 306 2
307 308 1
148 308 2
310 311 1
309 311 2
313 314 1
312 314 2
316 317 1
315 317 2
317 319 1
314 319 1
311 319 1
308 319 1
306 319 1
302 319 1
300 319 1
298 319 1
296 319 1
282 319 1
268 319 1
263 319 1
244 319 1
230 319 1
212 319 1
206 319 1
199 319 1
196 319 1
191 319 1
186 319 1
156 319 1
257 319 1
250 319 1
318 319 2
259 321 1
258 321 1
251 321 1
146 321 1
257 321 1
250 321 1
320 321 2
259 323 1
258 323 1
251 323 1
146 323 1
257 323 1
250 323 1
322 323 2
257 324 1
250 324 1
304 324 1
285 324 1
322 324 2
148 149 2
148 150 2
150 152 1
151 152 2
151 157 2
149 158 1
151 158 2
151 159 2
150 161 1
160 161 2
151 164 2
169 170 2
179 180 1
178 180 1
175 180 1
169 180 2
187 188 2
187 192 2
154 198 1
155 198 1
197 198 2
200 203 1
201 203 2
207 208 2
213 214 2
213 215 2
176 221 1
220 221 2
148 231 2
237 238 2
236 241 1
234 241 1
237 241 2
245 246 2
247 248 2
252 253 2
254 255 2
148 260 2
283 284 2
286 287 2
287 288 1
286 288 2
288 289 1
286 289 2
285 292 1
256 292 1
249 292 1
204 292 1
154 292 1
205 292 1
155 292 1
283 292 2
285 297 1
205 297 1
155 297 1
256 297 1
249 297 1
204 297 1
154 297 1
148 297 2
205 299 1
155 299 1
285 299 1
256 299 1
249 299 1
204 299 1
154 299 1
148 299 2
285 301 1
205 301 1
155 301 1
256 301 1
249 301 1
204 301 1
154 301 1
148 301 2
148 303 2
256 307 1
249 307 1
204 307 1
154 307 1
304 307 1
285 307 1
205 307 1
155 307 1
148 307 2
256 310 1
249 310 1
204 310 1
154 310 1
205 310 1
155 310 1
304 310 1
285 310 1
309 310 2
256 313 1
249 313 1
204 313 1
154 313 1
304 313 1
285 313 1
312 313 2
256 316 1
249 316 1
204 316 1
154 316 1
304 316 1
285 316 1
315 316 2
147 148 1
150 151 1
148 151 2
159 160 1
151 160 2
161 162 1
160 162 2
163 165 1
159 165 1
151 165 2
157 169 1
151 169 2
169 174 2
169 177 2
180 181 1
176 181 1
169 181 2
157 187 1
169 187 2
149 197 1
148 197 2
167 201 1
200 201 1
148 201 2
167 207 1
148 207 2
167 213 1
148 213 2
167 216 1
213 216 2
176 217 1
216 217 2
176 220 1
216 220 2
221 222 1
204 222 1
154 222 1
219 222 1
220 222 2
223 224 1
219 224 1
218 224 1
215 224 1
213 224 2
228 229 1
227 229 1
226 229 1
225 229 1
214 229 1
213 229 2
233 235 1
167 235 1
234 235 1
204 235 1
154 235 1
149 235 1
148 235 2
148 237 2
237 245 2
195 247 1
190 247 1
246 247 1
245 247 2
245 252 2
253 254 1
195 254 1
190 254 1
252 254 2
233 264 1
167 264 1
148 264 2
149 265 1
264 265 2
149 269 1
148 269 2
233 270 1
167 270 1
269 270 2
233 274 1
167 274 1
269 274 2
277 279 1
273 279 1
233 279 1
167 279 1
176 279 1
148 279 2
277 283 1
273 283 1
233 283 1
167 283 1
148 283 2
283 286 2
287 290 1
205 290 1
155 290 1
285 290 1
289 290 1
256 290 1
249 290 1
204 290 1
154 290 1
284 290 1
286 290 2
291 293 1
284 293 1
283 293 2
149 309 1
148 309 2
149 312 1
148 312 2
149 315 1
148 315 2
317 318 1
314 318 1
311 318 1
308 318 1
306 318 1
302 318 1
300 318 1
298 318 1
296 318 1
282 318 1
268 318 1
263 318 1
244 318 1
230 318 1
212 318 1
206 318 1
199 318 1
196 318 1
191 318 1
186 318 1
156 318 1
257 320 1
250 320 1
318 320 2
257 322 1
250 322 1
320 322 2
346 349 1
347 349 1
348 349 1
345 349 1
347 350 1
349 350 1
345 350 1
349 351 1
349 352 1
352 353 1
347 353 1
351 354 1
345 354 1
325 329 1
328 329 1
326 329 1
327 329 1
325 330 1
329 330 1
327 330 1
329 331 1
329 332 1
332 333 1
327 333 1
331 334 1
325 334 1
358 359 1
355 359 1
357 359 1
356 359 1
359 360 1
355 360 1
357 360 1
359 361 1
359 362 1
362 363 1
357 363 1
361 364 1
355 364 1
337 339 1
338 339 1
336 339 1
335 339 1
337 340 1
339 340 1
335 340 1
339 341 1
339 342 1
342 343 1
337 343 1
341 344 1
335 344 1
365 366 2
367 368 2
369 370 2
371 372 2
373 374 2
375 378 1
376 378 1
377 378 1
376 379 1
378 379 1
378 380 1
380 381 1
376 381 1
386 388 1
384 389 1
382 389 1
383 389 1
387 389 1
384 390 1
389 390 1
382 390 1
387 390 1
389 391 1
387 392 1
388 393 1
386 393 1
385 394 1
393 395 1
390 395 1
383 395 1
393 396 1
393 397 1
394 398 1
391 398 1
382 398 1
386 387 1
400 404 1
399 404 1
403 404 1
401 404 1
399 405 1
403 405 1
401 405 1
404 405 1
404 406 1
403 407 1
403 408 1
402 409 1
408 410 1
403 410 1
405 410 1
400 410 1
408 411 1
403 411 1
408 412 1
403 412 1
409 413 1
406 413 1
399 413 1
418 419 1
414 419 1
415 419 1
416 419 1
419 420 1
418 420 1
414 420 1
416 420 1
419 421 1
418 422 1
418 423 1
417 424 1
423 425 1
418 425 1
420 425 1
415 425 1
423 426 1
418 426 1
423 427 1
418 427 1
421 428 1
414 428 1
424 428 1
433 435 1
435 438 1
433 438 1
437 439 1
430 439 1
429 439 1
431 439 1
437 440 1
439 440 1
429 440 1
431 440 1
439 441 1
437 442 1
432 443 1
438 444 1
440 444 1
430 444 1
438 445 1
438 446 1
441 447 1
429 447 1
443 447 1
433 434 1
434 437 1
436 437 1
452 454 2
456 460 1
459 460 2
461 463 1
462 463 2
461 464 1
462 464 2
453 465 1
452 465 2
465 466 1
452 466 2
468 469 1
467 469 2
469 470 1
467 470 2
472 473 2
471 475 1
472 475 2
454 476 1
472 476 2
474 477 1
472 477 2
477 478 1
472 478 2
477 480 1
469 480 1
465 480 1
448 480 1
479 480 2
454 481 1
479 481 2
476 483 1
454 483 1
482 483 2
450 451 2
452 453 2
455 456 2
456 457 1
455 457 2
457 458 1
455 458 2
454 461 1
452 461 2
454 468 1
467 468 2
471 474 1
454 474 1
472 474 2
449 450 1
450 452 2
452 455 2
454 459 1
453 459 1
456 459 1
458 459 1
455 459 2
460 462 1
453 462 1
452 462 2
451 467 1
450 467 2
471 472 1
450 472 2
477 479 1
469 479 1
465 479 1
448 479 1
454 482 1
476 482 1
479 482 2
? 1 1 1

0 1 1
? 0 0 0

2 6 1
1 6 1
5 6 2
6 7 1
5 7 2
6 11 1
10 11 2
11 13 1
12 13 2
6 15 1
14 15 2
16 20 1
18 20 2
14 21 2
7 23 1
21 23 1
8 23 1
14 23 2
27 29 1
28 29 2
26 31 1
30 31 2
34 39 1
37 39 2
36 41 1
40 41 2
41 42 1
36 42 1
37 42 2
45 48 1
47 48 2
44 52 1
51 52 2
46 53 1
51 53 2
44 56 1
55 56 2
46 57 1
55 57 2
7 60 1
56 60 1
52 60 1
44 60 1
59 60 2
6 61 1
14 61 2
61 64 1
4 64 1
63 64 2
13 66 1
3 66 1
64 66 1
15 66 1
1 66 1
65 66 2
66 67 1
65 67 2
66 71 1
70 71 2
66 73 1
72 73 2
75 80 1
79 80 2
73 82 1
81 82 2
80 84 1
75 84 1
67 84 1
60 84 1
83 84 2
66 86 1
85 86 2
87 93 1
92 93 2
97 99 1
98 99 2
96 101 1
100 101 2
103 105 1
104 105 2
68 106 1
85 106 2
66 107 1
85 107 2
108 110 1
109 110 2
0 1 1
2 3 1
7 8 1
5 8 2
7 9 1
8 9 1
5 9 2
14 16 2
14 17 2
18 19 2
24 22 1
7 22 1
14 22 2
23 24 1
7 24 1
14 24 2
25 26 2
28 27 2
31 34 1
26 34 1
20 34 1
16 34 1
33 34 2
35 36 2
36 38 1
7 38 1
37 38 2
17 43 1
23 43 1
35 43 2
42 44 1
36 44 1
35 44 2
47 45 2
47 46 2
46 49 1
42 49 1
36 49 1
7 49 1
47 49 2
48 50 1
17 50 1
47 50 2
61 62 1
4 62 1
15 62 1
1 62 1
21 68 1
67 68 1
65 68 2
68 69 1
67 69 1
65 69 2
74 75 2
60 76 1
67 76 1
74 76 2
67 78 1
60 78 1
75 78 1
77 78 2
85 87 2
88 89 2
88 90 2
94 94 1
67 94 1
60 94 1
85 94 2
95 96 2
98 97 2
101 103 1
96 103 1
93 103 1
87 103 1
102 103 2
0 108 1
109 108 2
1 5 1
2 5 1
8 10 1
5 10 2
8 12 1
10 12 2
9 14 1
10 14 2
14 18 2
23 25 1
14 25 2
23 28 1
27 28 1
25 28 2
29 30 1
7 30 1
28 30 2
31 32 1
26 32 1
9 32 1
23 32 1
20 32 1
16 32 1
22 32 1
7 32 1
25 32 2
31 33 1
26 33 1
32 33 2
34 35 1
33 35 2
23 37 1
36 37 1
35 37 2
39 40 1
34 40 1
37 40 2
45 47 1
43 47 1
46 47 1
42 47 1
36 47 1
23 47 1
35 47 2
49 51 1
50 51 1
47 51 2
50 54 1
49 54 1
51 54 2
48 55 1
54 55 2
43 58 1
23 58 1
56 58 1
52 58 1
44 58 1
35 58 2
23 59 1
43 59 1
56 59 1
52 59 1
44 59 1
58 59 2
61 63 1
4 63 1
13 65 1
3 65 1
64 65 1
15 65 1
1 65 1
68 70 1
65 70 2
68 72 1
70 72 2
67 74 1
72 74 2
76 77 1
75 77 1
74 77 2
75 79 1
76 79 1
77 79 2
80 81 1
75 81 1
74 81 2
76 83 1
80 83 1
75 83 1
81 83 2
69 85 1
72 85 2
85 88 2
90 91 1
88 91 2
89 92 1
91 92 2
94 95 1
85 95 2
97 98 1
94 98 1
95 98 2
67 100 1
60 100 1
99 100 1
98 100 2
101 102 1
96 102 1
95 102 2
103 104 1
102 104 2
62 109 1
108 109 1
? 0 0 0

63 62 1
61 62 2
63 61 1
4 5 1
4 7 1
4 9 1
6 13 1
6 8 1
6 12 1
11 10 1
26 21 1
23 21 1
24 21 2
19 25 1
24 25 2
30 17 2
30 18 2
21 28 1
24 28 2
29 19 1
21 19 1
24 19 2
19 20 1
24 20 2
21 35 1
29 35 1
28 35 1
24 35 2
25 31 1
26 31 1
23 31 1
30 32 2
26 22 1
23 22 1
26 24 1
23 24 1
28 27 1
19 27 1
24 27 2
35 33 1
24 33 2
35 34 1
24 34 2
31 30 1
54 53 1
53 52 1
120 119 1
119 118 1
82 82 1
80 82 2
82 84 1
80 84 2
83 83 1
81 83 2
83 85 1
81 85 2
82 80 1
83 81 1
3 2 1
95 94 1
72 69 2
74 70 2
73 77 2
77 75 1
76 75 2
71 72 2
77 76 1
73 76 2
75 74 1
76 74 2
1 0 1
59 60 2
55 57 2
55 58 2
57 56 1
58 56 1
55 56 2
90 93 1
89 93 2
92 91 2
91 90 1
92 90 2
90 89 1
92 89 2
48 49 1
38 49 2
49 51 1
38 51 2
48 46 1
48 40 1
45 40 2
40 47 1
45 47 2
47 50 1
45 50 2
48 38 1
46 45 1
50 39 1
47 39 1
45 39 2
43 41 1
44 42 1
64 66 1
68 66 1
65 68 2
68 67 1
65 67 2
86 88 2
88 87 1
86 87 2
14 16 1
16 15 1
78 79 1
109 104 1
107 104 2
104 105 1
107 105 2
103 106 2
112 111 1
110 111 2
97 108 1
108 109 1
107 109 2
101 98 2
101 115 2
99 114 1
116 96 2
110 112 2
111 100 1
110 100 2
108 107 1
107 102 2
107 101 2
107 103 2
117 116 1
114 116 1
114 113 1
116 113 2
112 110 1
113 110 2
37 36 1
464 463 2
684 683 2
301 300 1
299 300 2
299 301 2
301 299 1
302 299 1
468 470 1
468 466 1
468 467 1
470 469 1
466 465 1
688 686 1
687 686 2
690 689 1
688 687 1
686 685 1
687 685 2
334 333 1
332 333 2
337 335 1
336 335 1
334 331 1
335 331 2
334 332 1
335 332 2
584 556 1
584 571 1
571 567 1
579 553 1
571 569 1
571 562 1
556 562 1
567 562 1
567 566 1
562 566 2
270 267 1
265 267 2
276 278 1
267 278 1
266 278 2
262 268 1
274 268 2
273 269 1
275 269 2
276 259 1
259 264 1
264 261 1
259 261 1
263 261 2
261 262 1
260 262 2
259 272 1
264 272 1
267 272 1
270 272 1
260 272 2
272 273 1
271 273 2
277 265 1
270 265 1
267 266 1
265 266 2
264 263 1
261 260 1
263 260 2
262 274 1
267 274 1
270 274 1
260 274 2
272 271 1
260 271 2
273 275 1
267 275 1
270 275 1
271 275 2
603 589 1
600 589 2
603 596 1
600 596 2
609 593 1
606 593 1
600 593 2
593 595 1
600 595 2
609 606 1
606 612 1
606 590 1
594 590 2
609 597 1
594 597 2
609 603 1
594 603 2
612 594 1
590 588 1
612 588 1
594 588 2
603 600 1
594 600 2
610 607 1
607 601 1
604 601 2
607 591 1
604 591 2
610 598 1
604 598 2
607 604 1
591 586 1
601 586 1
604 586 2
585 557 1
585 572 1
572 574 1
580 554 1
572 570 1
557 563 1
574 563 1
572 563 1
574 573 1
563 573 2
291 289 1
287 289 2
296 298 1
289 298 1
288 298 2
282 290 1
285 290 2
295 292 1
286 292 2
296 279 1
279 284 1
279 281 1
284 281 1
283 281 2
281 282 1
280 282 2
289 294 1
291 294 1
279 294 1
284 294 1
280 294 2
294 295 1
293 295 2
291 287 1
297 287 1
289 288 1
287 288 2
284 283 1
281 280 1
283 280 2
289 285 1
291 285 1
282 285 1
280 285 2
294 293 1
280 293 2
295 286 1
289 286 1
291 286 1
293 286 2
621 619 1
620 619 2
621 616 1
620 616 2
623 617 1
622 617 1
620 617 2
623 622 1
622 624 1
622 614 1
615 614 2
623 618 1
615 618 2
623 621 1
615 621 2
624 615 1
624 613 1
614 613 1
615 613 2
621 620 1
615 620 2
611 608 1
608 602 1
605 602 2
608 592 1
605 592 2
611 599 1
605 599 2
608 605 1
592 587 1
602 587 1
605 587 2
583 578 1
582 578 2
578 561 1
582 561 2
583 568 1
578 568 1
560 568 2
568 581 1
560 581 2
561 559 1
578 559 1
582 559 2
559 565 1
558 565 2
559 577 1
564 577 2
577 576 1
564 576 2
583 582 1
561 560 1
582 560 2
581 555 1
560 555 2
559 558 1
582 558 2
565 564 1
558 564 2
576 575 1
564 575 2
761 758 2
761 760 2
760 759 1
761 759 2
677 675 1
676 675 2
677 676 1
675 674 1
676 674 2
675 673 1
674 673 2
527 526 1
525 526 2
529 527 1
528 527 2
529 528 1
527 525 1
528 525 2
634 636 2
634 637 2
639 634 2
636 635 1
637 635 1
634 635 2
639 638 2
489 487 1
485 487 2
490 488 1
486 488 2
484 483 1
485 489 2
486 490 2
489 485 1
492 485 1
490 486 1
491 486 1
506 504 1
502 504 2
507 505 1
503 505 2
502 506 2
503 507 2
509 502 1
506 502 1
508 503 1
507 503 1
626 625 1
190 194 1
202 197 1
201 197 2
201 196 2
190 193 1
193 202 1
203 202 1
201 199 2
199 192 1
198 192 2
192 187 1
191 187 2
187 189 1
191 189 2
202 200 1
203 200 1
202 201 1
199 198 1
201 198 2
192 191 1
198 191 2
189 188 1
191 188 2
196 195 1
201 195 2
330 329 1
670 672 2
671 670 1
181 180 1
309 310 2
318 313 2
311 308 2
306 309 2
313 312 1
318 312 2
316 315 1
308 307 1
311 307 2
317 314 2
344 343 1
342 341 1
662 666 1
661 666 2
642 653 1
641 653 2
658 656 2
657 655 2
655 650 1
651 650 2
655 644 1
651 644 2
660 663 1
659 663 2
657 665 2
657 662 2
657 654 2
658 642 2
656 649 1
653 649 1
654 649 1
657 649 2
656 643 1
653 643 1
654 643 1
657 643 2
660 659 1
663 645 1
659 645 2
662 661 1
657 661 2
666 664 1
665 664 1
657 664 2
657 658 2
642 641 1
658 641 2
656 652 1
653 652 1
654 652 1
657 652 2
649 647 1
643 647 1
657 647 2
657 640 2
655 651 1
657 651 2
644 648 1
643 648 1
650 648 1
649 648 1
657 648 2
657 646 2
631 633 1
630 633 2
631 630 1
630 632 2
213 214 1
212 214 2
217 207 1
205 207 2
211 213 1
210 213 2
216 217 1
209 206 1
211 210 1
213 212 1
210 212 2
216 215 1
217 204 1
209 208 1
206 205 1
125 124 1
123 124 2
125 130 1
123 130 2
129 133 2
133 126 1
131 126 2
134 127 1
132 127 2
125 123 1
130 129 1
123 129 2
133 131 1
129 131 2
129 128 2
134 132 1
305 304 1
304 303 1
354 356 2
356 355 1
354 355 2
351 353 2
353 352 1
351 352 2
357 359 2
359 358 1
357 358 2
219 218 1
478 473 1
477 473 2
473 476 1
474 476 1
472 476 2
478 477 1
479 471 1
473 471 1
474 471 1
473 472 1
474 472 1
476 475 1
472 475 2
627 629 2
628 627 1
169 165 1
171 165 1
173 165 1
172 166 1
171 166 1
170 166 1
169 166 1
174 166 1
173 166 1
167 162 1
167 163 1
167 164 1
167 168 1
435 431 1
434 431 2
431 417 1
432 417 1
429 417 2
431 408 1
432 408 1
428 408 2
431 418 1
432 418 1
401 418 2
431 416 1
432 416 1
399 416 2
431 410 1
432 410 1
393 410 2
431 412 1
432 412 1
395 412 2
431 414 1
432 414 1
397 414 2
431 411 1
432 411 1
394 411 2
431 415 1
432 415 1
398 415 2
431 409 1
432 409 1
392 409 2
431 413 1
432 413 1
396 413 2
431 424 1
432 424 1
402 424 2
442 423 2
444 437 1
442 437 2
444 447 1
388 447 2
444 445 1
388 445 2
386 436 2
386 448 2
448 440 1
387 440 2
439 385 1
444 441 1
439 425 1
435 434 1
439 403 1
431 430 1
432 430 1
403 430 2
439 400 1
431 429 1
432 429 1
400 429 2
417 384 1
429 384 2
439 438 1
431 428 1
432 428 1
438 428 2
408 407 1
428 407 2
439 401 1
439 399 1
439 393 1
439 395 1
439 397 1
439 394 1
439 398 1
439 392 1
439 396 1
439 402 1
404 426 2
439 389 1
389 406 2
405 427 2
427 420 2
427 419 2
439 391 1
444 442 1
391 442 2
442 421 2
423 422 1
442 422 2
439 388 1
447 446 1
445 446 1
388 446 2
439 390 1
444 443 1
390 443 2
439 386 1
448 433 1
436 433 1
386 433 2
436 387 1
433 387 2
694 693 1
692 693 2
697 696 1
695 696 2
691 706 1
692 694 2
693 703 1
706 703 1
692 703 2
692 699 2
691 702 1
703 702 1
698 702 2
695 697 2
702 700 1
696 700 1
695 700 2
703 705 1
699 705 1
691 705 1
700 705 1
695 705 2
699 704 1
691 704 1
703 704 1
701 704 2
694 692 1
706 692 1
699 698 1
692 698 2
702 701 1
698 701 2
697 695 1
702 695 1
701 695 2
186 185 1
338 340 2
340 339 1
338 339 2
707 710 2
710 712 1
709 712 2
710 708 1
707 708 2
710 709 1
708 709 2
712 711 1
709 711 2
122 121 2
543 542 1
541 542 2
530 540 1
552 537 1
539 533 1
547 547 1
547 530 1
541 543 2
542 548 1
541 548 2
548 550 1
541 550 2
548 535 1
541 535 2
548 534 1
541 534 2
530 546 1
532 546 2
546 549 1
545 549 2
552 551 1
537 536 1
539 538 1
533 531 1
543 541 1
547 541 1
541 544 2
533 532 1
546 545 1
532 545 2
716 735 1
718 735 2
719 722 1
751 722 1
718 722 2
716 721 1
718 721 2
730 742 1
724 742 2
732 743 1
725 743 2
729 744 1
726 744 2
731 745 1
727 745 2
733 746 1
728 746 2
719 723 1
746 723 1
745 723 1
744 723 1
743 723 1
742 723 1
747 723 1
718 751 2
719 716 1
718 716 2
718 750 2
720 730 2
739 732 2
737 729 2
738 731 2
752 715 1
740 715 2
714 733 2
719 717 1
719 718 1
750 748 1
735 748 1
718 748 2
750 749 1
751 749 1
748 749 2
730 724 1
752 724 1
720 724 2
742 739 1
747 739 1
752 725 1
732 725 1
739 725 2
743 737 1
742 737 1
747 737 1
729 726 1
752 726 1
737 726 2
744 738 1
743 738 1
742 738 1
747 738 1
731 727 1
752 727 1
738 727 2
752 740 1
745 740 1
744 740 1
743 740 1
742 740 1
747 740 1
715 714 1
740 714 2
733 728 1
752 728 1
714 728 2
746 741 1
745 741 1
744 741 1
743 741 1
742 741 1
747 741 1
741 713 2
735 734 1
736 734 1
713 734 2
452 449 2
450 451 2
452 454 2
454 453 1
452 453 2
498 501 2
500 493 2
493 497 1
501 497 1
500 497 2
499 495 1
499 494 1
499 498 1
501 500 1
498 500 2
497 496 1
500 496 2
523 522 1
521 522 2
520 518 1
521 523 2
524 524 1
521 524 2
520 519 1
518 516 1
518 517 1
524 521 1
523 521 1
517 521 2
457 456 1
459 456 1
457 455 1
460 455 2
459 458 1
457 458 1
137 135 1
136 135 1
461 462 2
755 756 1
754 756 2
757 755 1
755 753 1
755 754 1
753 754 2
669 667 1
668 667 2
669 668 1
372 375 1
376 375 1
365 375 2
380 381 1
364 381 1
377 381 2
383 382 1
380 382 1
377 382 2
372 379 1
380 379 1
371 379 2
378 363 1
378 372 1
372 374 1
372 376 1
363 370 1
375 370 1
376 370 1
370 368 1
370 367 1
367 380 1
368 380 1
361 380 1
378 364 1
377 364 2
378 383 1
377 383 2
363 362 1
374 373 1
363 365 1
376 365 1
370 369 1
367 366 1
378 377 1
382 360 1
381 360 1
372 371 1
348 345 1
349 345 2
348 347 1
349 347 2
345 346 1
348 346 1
350 348 1
350 349 1
348 349 1
481 482 2
482 481 1
482 480 1
481 480 2
221 223 1
222 223 2
258 227 1
222 227 2
258 229 1
222 229 2
258 238 1
247 238 2
238 235 1
245 235 1
230 235 2
235 240 1
238 240 1
232 240 2
221 250 1
232 250 2
258 255 1
232 255 2
258 237 1
247 237 2
237 236 1
245 236 1
231 236 2
236 241 1
237 241 1
233 241 2
221 251 1
233 251 2
258 256 1
233 256 2
242 245 1
249 244 1
244 221 1
243 221 2
221 258 1
249 258 1
243 258 2
246 234 2
249 248 1
244 243 1
221 220 1
243 220 2
258 257 1
243 257 2
258 246 1
243 246 2
226 222 1
224 222 1
258 222 1
246 222 2
246 247 2
238 230 1
247 230 2
254 232 1
235 232 1
238 232 1
258 232 1
239 232 1
247 232 2
237 231 1
247 231 2
239 233 1
254 233 1
236 233 1
237 233 1
258 233 1
247 233 2
227 225 1
226 225 1
229 225 1
228 225 1
251 225 1
250 225 1
252 225 1
256 253 1
255 253 1
254 253 1
324 327 1
323 327 2
324 328 1
323 328 2
328 321 1
327 321 1
321 319 1
320 319 2
324 326 1
319 326 1
320 326 2
324 322 1
324 323 1
321 320 1
326 325 1
320 325 2
152 146 1
161 146 1
155 146 2
153 147 1
161 147 1
155 147 2
148 158 1
150 158 2
156 161 1
156 152 1
155 152 2
156 153 1
155 153 2
147 151 1
146 151 1
151 149 1
150 149 2
149 148 1
150 148 2
150 159 2
156 154 1
161 160 1
156 155 1
151 145 1
151 150 1
158 157 1
159 157 1
147 157 1
146 157 1
150 157 2
184 183 1
184 182 1
179 175 1
179 177 1
175 177 2
179 176 1
175 176 2
179 178 1
175 178 2
682 678 1
682 680 1
678 680 2
682 679 1
678 679 2
682 681 1
678 681 2
515 514 1
514 512 1
512 510 2
514 513 1
513 511 2
143 144 1
142 144 1
141 140 2
139 138 2
? 1 1 1

