2 5 1
4 5 2
4 9 2
4 10 2
11 14 1
13 14 2
16 22 1
21 22 2
20 23 1
21 23 2
16 24 1
21 24 2
16 28 1
24 28 1
27 28 2
16 35 1
28 35 1
24 35 1
34 35 2
37 39 1
38 39 2
37 40 1
38 40 2
16 41 1
20 41 1
35 41 1
28 41 1
24 41 1
21 41 2
37 42 1
21 42 2
45 48 1
47 48 2
43 49 1
48 49 1
47 49 2
49 50 1
47 50 2
41 52 1
22 52 1
16 52 1
51 52 2
50 53 1
41 53 1
22 53 1
16 53 1
51 53 2
53 56 1
16 56 1
55 56 2
16 59 1
53 59 1
58 59 2
53 62 1
16 62 1
61 62 2
62 70 1
59 70 1
56 70 1
53 70 1
16 70 1
69 70 2
73 74 1
51 74 2
65 75 1
51 75 2
16 76 1
70 76 1
62 76 1
59 76 1
56 76 1
53 76 1
52 76 1
41 76 1
22 76 1
1 76 1
13 76 2
4 2 2
4 3 2
5 6 1
4 6 2
6 7 1
4 7 2
13 11 2
13 12 2
14 15 1
13 15 2
15 16 1
13 16 2
15 17 1
13 17 2
13 19 2
17 20 1
13 20 2
20 25 1
21 25 2
30 31 2
25 32 1
30 32 2
20 37 1
21 37 2
15 43 1
13 43 2
47 45 2
43 46 1
47 46 2
49 54 1
23 54 1
51 54 2
50 65 1
51 65 2
16 66 1
40 66 1
10 66 1
67 66 2
40 68 1
10 68 1
66 68 1
16 68 1
67 68 2
16 73 1
40 73 1
10 73 1
51 73 2
3 4 1
2 4 1
7 8 1
4 8 2
11 13 1
12 13 1
17 18 1
13 18 2
20 21 1
13 21 2
16 26 1
25 26 1
21 26 2
26 27 2
21 29 2
16 30 1
25 30 1
29 30 2
32 33 1
30 33 2
31 34 1
32 34 1
33 34 2
20 36 1
21 36 2
20 38 1
21 38 2
43 44 1
13 44 2
45 47 1
46 47 1
44 47 2
50 51 1
47 51 2
19 55 1
48 55 1
51 55 2
50 57 1
55 57 2
54 58 1
57 58 2
50 60 1
57 60 2
54 61 1
60 61 2
16 63 1
42 63 1
39 63 1
9 63 1
51 63 2
39 64 1
9 64 1
0 64 1
16 64 1
50 64 1
49 64 1
63 64 2
66 67 1
51 67 2
68 69 1
65 69 1
67 69 2
67 71 2
0 72 1
68 72 1
16 72 1
50 72 1
49 72 1
71 72 2
? 1 1 1

8 9 2
11 12 2
23 26 1
25 26 2
14 28 1
16 16 1
16 18 1
17 18 2
18 19 1
15 19 1
17 19 2
21 22 1
25 23 2
24 24 1
22 24 1
25 24 2
22 27 1
26 27 1
25 27 2
7 8 1
8 10 2
11 13 2
16 17 1
19 20 1
17 20 2
23 25 1
24 25 1
3 6 1
5 6 2
1 2 2
5 3 2
2 4 1
5 4 2
0 1 1
4 5 1
3 5 1
1 5 2
35 37 1
36 37 2
41 43 1
42 43 2
30 31 1
31 31 1
32 33 2
36 35 2
31 32 1
33 34 1
32 34 2
35 36 1
31 36 1
32 36 2
30 38 1
37 38 1
36 38 2
29 42 1
40 42 1
39 44 1
? 1 1 1

10 11 1
3 5 1
4 5 2
0 2 1
1 2 1
4 3 2
2 6 1
4 6 2
2 7 1
4 7 2
5 8 1
2 8 1
4 8 2
8 9 1
4 9 2
3 4 1
? 1 1 1

0 1 1
? 0 0 0

8 9 2
17 19 1
18 19 2
20 21 1
19 21 1
10 21 1
0 21 1
18 21 2
24 27 1
26 27 2
9 29 1
4 29 1
16 29 1
26 29 2
30 32 1
31 32 2
21 33 1
10 33 1
32 33 1
29 33 1
25 33 1
27 33 1
24 33 1
31 33 2
38 42 1
37 42 1
41 42 2
38 44 1
43 44 2
47 49 1
48 49 2
49 51 1
50 51 1
0 51 1
10 51 1
48 51 2
0 1 1
6 7 2
1 13 1
0 13 1
12 13 2
1 16 1
15 16 2
18 17 2
9 20 1
4 20 1
19 20 1
18 20 2
15 22 2
0 24 1
16 24 1
23 24 2
23 25 2
16 30 1
31 30 2
1 35 1
34 35 2
35 36 1
0 36 1
34 36 2
35 37 1
34 37 2
48 47 2
49 50 1
9 50 1
4 50 1
48 50 2
2 5 1
5 6 2
7 8 1
6 8 2
11 12 2
13 14 1
12 14 2
11 15 2
17 18 1
16 18 1
15 18 2
22 23 1
16 23 1
15 23 2
16 26 1
22 26 1
1 26 1
24 26 1
23 26 2
27 28 1
26 28 2
30 31 1
22 31 1
23 31 2
22 34 1
1 34 1
15 34 2
37 39 1
34 39 2
36 40 1
38 40 1
39 40 2
36 41 1
38 41 1
37 41 1
39 41 2
37 43 1
41 43 2
44 45 1
38 45 1
36 45 1
41 45 2
37 46 1
36 46 1
44 46 1
38 46 1
45 46 2
1 48 1
47 48 1
15 48 2
11 52 2
51 53 1
33 53 1
21 53 1
10 53 1
53 54 2
54 55 2
9 56 1
4 56 1
51 56 1
33 56 1
21 56 1
10 56 1
3 56 1
54 56 2
? 0 0 0

2 3 1
1 3 2
3 4 1
1 4 2
6 8 1
7 8 2
1 2 2
4 5 1
1 5 2
6 6 1
5 6 1
0 6 1
1 6 2
0 1 1
6 7 1
1 7 2
10 12 1
11 12 2
11 10 2
9 11 1
10 11 1
9 13 1
12 13 1
11 13 2
? 1 1 1

0 3 1
1 3 2
0 10 1
9 10 2
0 11 1
9 11 2
1 15 2
17 22 1
21 22 2
20 31 1
18 31 1
22 31 1
17 31 1
29 31 1
30 31 2
29 32 1
20 32 1
30 32 2
32 34 1
31 34 1
33 34 2
22 35 1
17 35 1
27 35 2
24 36 1
25 36 2
15 38 1
1 38 2
11 41 1
0 41 1
1 7 2
1 8 2
1 12 2
12 13 1
1 13 2
1 16 2
8 18 1
1 18 2
1 19 2
1 20 2
24 24 1
21 24 2
22 28 1
17 28 1
24 28 1
27 28 2
8 29 1
22 29 1
17 29 1
27 29 2
1 2 2
1 4 2
1 5 2
1 6 2
1 9 2
12 14 1
1 14 2
17 21 1
1 21 2
10 23 1
7 23 1
21 23 2
24 25 1
16 25 1
21 25 2
25 26 2
10 27 1
7 27 1
25 27 2
22 30 1
17 30 1
18 30 1
27 30 2
32 33 1
31 33 1
19 33 1
27 33 2
21 37 2
12 39 1
13 39 1
1 39 2
10 40 1
7 40 1
1 40 2
? 1 1 1

0 3 1
1 2 1
? 0 0 0

3 2 1
0 1 2
4 5 2
22 19 2
19 18 1
20 18 1
21 18 1
24 36 2
24 28 2
25 37 2
25 29 2
26 38 2
26 30 2
33 31 1
34 31 2
34 32 2
24 25 2
25 26 2
26 23 2
38 34 1
37 34 1
36 34 1
35 34 1
38 27 1
37 27 1
36 27 1
35 27 1
34 27 2
11 10 1
9 10 2
9 11 2
9 12 2
10 8 1
9 8 2
11 9 1
12 9 1
15 14 1
13 14 2
13 15 2
13 17 2
14 16 1
13 16 2
15 13 1
17 13 1
6 7 1
42 41 2
41 39 1
40 39 2
41 40 1
42 40 2
48 47 1
50 49 1
51 49 1
53 52 1
54 57 2
55 54 1
57 56 1
54 56 2
77 81 2
75 80 2
78 83 2
78 82 2
67 63 1
59 63 2
82 71 1
83 71 1
80 71 1
81 71 1
68 64 1
60 64 2
82 73 1
83 73 1
80 73 1
81 73 1
69 65 1
61 65 2
82 74 1
83 74 1
80 74 1
81 74 1
58 74 2
70 66 1
62 66 2
77 76 2
82 72 1
83 72 1
80 72 1
81 72 1
59 67 2
60 68 2
61 69 2
62 70 2
79 84 1
76 75 1
77 75 2
75 78 2
72 59 1
67 59 1
71 60 1
68 60 1
73 61 1
69 61 1
74 62 1
70 62 1
58 62 2
91 95 2
89 94 2
92 97 2
92 96 2
91 90 2
96 88 1
97 88 1
94 88 1
95 88 1
93 88 2
85 98 1
86 99 1
90 89 1
91 89 2
89 92 2
96 93 1
97 93 1
94 93 1
95 93 1
88 87 1
93 87 2
43 45 1
44 46 1
100 102 2
102 101 1
100 101 2
111 110 1
109 110 2
103 113 1
115 113 2
116 114 1
115 114 2
114 108 1
115 108 2
115 103 2
109 111 2
108 112 1
109 112 2
108 105 1
110 105 1
109 105 2
105 107 1
104 107 2
116 115 1
112 109 1
111 109 1
115 109 2
105 104 1
109 104 2
107 106 1
104 106 2
118 117 1
120 119 1
130 129 1
128 127 2
127 126 1
128 126 2
134 133 2
133 131 1
132 131 2
133 132 1
134 132 2
121 122 2
124 123 1
125 123 2
122 121 1
124 121 1
124 125 1
122 125 1
121 125 2
136 135 1
138 137 1
139 142 1
141 139 1
141 140 1
? 0 0 0

5 6 1
7 8 1
9 10 1
11 12 1
13 14 1
0 2 1
1 2 1
2 3 1
3 4 1
2 4 1
20 21 1
22 23 1
24 25 1
26 27 1
28 29 1
30 31 1
16 17 1
15 17 1
17 18 1
17 19 1
18 19 1
32 33 1
32 34 1
34 36 1
36 38 1
37 38 2
38 39 1
37 39 2
39 40 1
37 40 2
33 42 1
41 42 2
41 43 2
33 44 1
41 44 2
41 45 2
41 46 2
46 47 1
45 47 1
42 47 1
41 47 2
34 48 1
37 48 2
33 50 1
49 50 2
49 51 2
33 52 1
49 52 2
49 53 2
49 54 2
48 56 1
49 56 2
54 59 1
53 59 1
55 59 1
50 59 1
49 59 2
33 60 1
37 60 2
37 61 2
37 62 2
62 63 1
60 63 1
61 63 1
37 63 2
34 35 1
36 37 1
33 41 1
40 41 1
37 41 2
48 49 1
37 49 2
56 57 1
40 57 1
49 57 2
48 58 1
57 58 2
95 96 1
90 91 2
92 92 1
90 92 2
89 90 1
92 93 1
90 93 2
89 94 1
91 94 1
93 94 2
81 82 1
76 78 1
78 79 1
79 81 1
82 85 1
78 85 1
84 85 1
79 86 1
78 88 1
84 88 1
82 88 1
87 88 2
76 77 1
79 80 1
82 83 1
86 87 1
65 67 1
66 67 2
66 65 2
67 68 1
66 68 2
65 66 1
64 66 2
68 69 1
66 69 2
71 73 1
72 73 2
72 71 2
73 74 1
72 74 2
71 72 1
70 72 2
74 75 1
72 75 2
? 1 1 1

