9 11 1
10 11 2
14 16 1
11 16 1
15 16 2
0 20 1
17 20 1
20 24 1
19 24 1
4 29 1
28 29 2
4 31 1
30 31 2
38 39 1
30 39 2
0 2 1
2 4 1
4 9 1
4 12 1
10 12 2
12 14 1
13 14 2
2 17 1
16 17 1
7 17 1
20 22 1
19 22 1
11 33 1
8 33 1
30 33 2
4 35 1
30 35 2
33 36 1
35 36 1
30 36 2
36 38 1
30 38 2
39 41 1
31 41 1
29 41 1
27 41 1
24 41 1
23 41 1
22 42 1
41 42 1
0 1 1
2 3 1
4 5 1
4 6 1
9 10 1
12 13 1
10 13 2
11 15 1
14 15 1
13 15 2
17 18 1
20 21 1
24 25 1
23 25 1
24 26 1
23 26 1
4 28 1
4 30 1
16 30 1
7 30 1
28 30 2
11 32 1
8 32 1
30 32 2
33 34 1
30 34 2
36 37 1
30 37 2
39 40 1
31 40 1
29 40 1
27 40 1
43 44 2
43 45 2
? 0 0 0

9 11 1
10 11 2
11 12 1
10 12 2
9 14 1
11 14 1
13 14 2
14 15 1
13 15 2
11 17 1
12 17 1
10 17 2
17 19 1
18 19 2
17 21 1
20 21 2
21 22 1
20 22 2
9 10 1
12 13 1
10 13 2
15 16 1
13 16 2
17 18 1
10 18 2
19 20 1
18 20 2
22 23 1
20 23 2
1 2 2
2 3 1
1 3 2
3 4 1
1 4 2
0 5 1
1 5 2
0 6 1
1 6 2
3 7 1
1 7 2
7 8 1
6 8 1
4 8 1
5 8 1
1 8 2
0 1 1
? 0 0 0

0 2 1
0 1 1
2 3 1
4 5 1
? 1 1 1

1 3 1
2 3 2
4 5 1
2 5 2
11 19 1
9 19 2
0 1 1
2 4 2
5 7 1
3 7 1
6 7 2
7 8 1
6 8 2
5 10 1
3 10 1
9 10 2
5 11 1
3 11 1
9 11 2
11 13 1
12 13 2
11 16 1
15 16 2
19 20 1
5 20 1
3 20 1
8 20 1
6 20 2
20 21 1
6 21 2
6 22 2
1 2 1
5 6 1
3 6 1
5 9 1
3 9 1
6 9 2
11 12 1
9 12 2
13 14 1
12 14 2
11 15 1
12 15 2
16 17 1
15 17 2
11 18 1
15 18 2
1 23 1
6 23 2
25 28 1
25 29 1
25 30 1
25 31 1
25 32 1
25 33 1
25 34 1
25 35 1
25 36 1
36 42 1
35 42 1
34 42 1
33 42 1
32 42 1
31 42 1
30 42 1
29 42 1
28 42 1
27 42 1
41 42 2
44 46 1
43 46 2
44 47 1
43 47 2
44 48 1
43 48 2
50 51 1
49 51 2
42 52 1
36 52 1
35 52 1
34 52 1
33 52 1
32 52 1
31 52 1
30 52 1
29 52 1
28 52 1
27 52 1
49 52 2
50 53 1
49 53 2
50 54 1
49 54 2
42 56 1
36 56 1
35 56 1
34 56 1
33 56 1
32 56 1
31 56 1
30 56 1
29 56 1
28 56 1
27 56 1
55 56 2
56 57 1
55 57 2
42 58 1
36 58 1
35 58 1
34 58 1
33 58 1
32 58 1
31 58 1
30 58 1
29 58 1
28 58 1
27 58 1
55 58 2
59 62 2
25 63 1
56 63 1
51 63 1
47 63 1
37 63 1
59 63 2
58 64 1
52 64 1
48 64 1
38 64 1
63 64 1
60 64 1
59 64 2
58 65 1
52 65 1
48 65 1
38 65 1
59 65 2
59 66 2
58 67 1
52 67 1
48 67 1
38 67 1
59 67 2
59 68 2
70 71 2
70 72 2
70 73 2
70 74 2
70 75 2
58 76 1
52 76 1
48 76 1
38 76 1
73 76 1
71 76 1
69 76 1
59 76 2
58 77 1
52 77 1
48 77 1
38 77 1
59 77 2
59 78 2
42 44 1
36 44 1
35 44 1
34 44 1
33 44 1
32 44 1
31 44 1
30 44 1
29 44 1
28 44 1
27 44 1
43 44 2
42 50 1
36 50 1
35 50 1
34 50 1
33 50 1
32 50 1
31 50 1
30 50 1
29 50 1
28 50 1
27 50 1
49 50 2
59 60 2
59 61 2
53 79 1
40 79 1
24 79 1
56 79 1
51 79 1
47 79 1
37 79 1
59 79 2
80 81 2
25 26 1
36 41 1
35 41 1
34 41 1
33 41 1
32 41 1
31 41 1
30 41 1
29 41 1
28 41 1
27 41 1
42 43 1
36 43 1
35 43 1
34 43 1
33 43 1
32 43 1
31 43 1
30 43 1
29 43 1
28 43 1
27 43 1
44 45 1
43 45 2
42 49 1
36 49 1
35 49 1
34 49 1
33 49 1
32 49 1
31 49 1
30 49 1
29 49 1
28 49 1
27 49 1
43 49 2
42 55 1
36 55 1
35 55 1
34 55 1
33 55 1
32 55 1
31 55 1
30 55 1
29 55 1
28 55 1
27 55 1
49 55 2
53 59 1
40 59 1
56 59 1
51 59 1
47 59 1
37 59 1
24 70 1
56 70 1
51 70 1
47 70 1
37 70 1
59 70 2
79 80 1
59 80 2
57 82 1
54 82 1
46 82 1
39 82 1
? 1 1 1

0 6 1
4 6 2
6 2 1
4 2 2
2 8 1
4 8 2
1 7 1
5 7 2
7 3 1
5 3 2
3 9 1
5 9 2
6 4 1
7 5 1
342 342 1
344 344 1
344 345 1
343 345 2
344 343 1
343 341 2
376 375 1
374 375 2
383 382 1
381 382 2
373 391 1
381 391 2
388 386 1
375 386 1
371 386 2
385 395 1
371 395 2
395 379 1
371 379 2
379 393 1
395 393 1
380 393 1
377 393 2
396 397 1
397 388 1
390 388 1
388 384 1
384 384 1
384 394 1
374 376 2
388 372 1
375 372 1
392 372 2
375 387 1
392 387 2
381 383 2
390 389 1
376 374 1
384 374 1
388 392 1
375 392 1
374 392 2
383 381 1
375 371 1
388 371 1
385 371 1
374 371 2
379 378 1
395 378 1
380 378 1
384 377 1
379 377 1
395 377 1
380 377 1
1081 1080 1
1079 1080 2
1077 1082 1
1079 1082 2
1079 1081 2
1081 1079 1
527 566 2
536 533 1
531 533 2
547 545 1
544 545 2
551 550 1
549 550 2
562 567 2
557 541 1
523 541 1
539 541 1
524 540 1
541 540 1
523 540 1
523 542 1
558 542 1
540 542 1
537 534 1
530 534 2
552 560 1
530 560 2
538 535 1
532 535 2
548 546 1
543 546 2
523 561 1
535 561 1
543 561 2
559 568 1
528 529 1
531 536 2
533 522 1
529 522 1
531 522 2
544 547 2
522 521 1
545 521 1
544 521 2
521 526 1
544 526 2
521 554 1
544 554 2
549 551 2
554 553 1
553 553 1
549 553 2
554 525 1
550 525 1
549 525 2
525 556 1
549 556 2
563 563 1
557 563 1
558 563 1
524 563 1
563 523 1
523 552 1
552 552 1
530 537 2
532 538 2
535 564 1
523 564 1
532 564 2
564 565 1
532 565 2
565 548 1
543 548 2
528 527 1
529 531 1
552 531 1
536 531 1
522 544 1
547 544 1
552 544 1
531 544 2
526 518 1
544 518 2
521 520 1
544 520 2
521 519 1
520 519 2
551 549 1
553 549 1
544 549 2
556 555 1
549 555 2
563 562 1
537 530 1
538 532 1
552 532 1
548 543 1
532 543 2
1412 1410 1
1408 1410 2
1413 1411 1
1409 1411 2
1411 1406 1
1407 1406 1
1409 1406 2
1421 1421 1
1408 1412 2
1419 1417 1
1417 1417 1
1408 1417 2
1419 1418 1
1410 1418 1
1408 1418 2
1409 1413 2
1421 1420 1
1416 1414 1
1417 1408 1
1412 1408 1
1418 1415 1
1416 1415 1
1408 1415 2
1413 1409 1
1421 1409 1
39 38 1
37 38 2
37 39 2
45 43 1
43 43 1
37 43 2
45 44 1
38 44 1
37 44 2
42 40 1
43 37 1
39 37 1
44 41 1
42 41 1
37 41 2
127 126 1
125 126 2
131 120 2
131 128 2
125 127 2
120 129 1
129 129 1
125 129 2
126 124 1
120 124 1
125 124 2
132 130 1
132 131 1
127 125 1
129 125 1
131 125 2
124 121 1
125 121 2
132 123 1
124 123 1
121 123 2
124 122 1
121 122 2
162 160 1
162 161 1
159 157 1
159 158 1
157 156 1
164 166 1
164 163 1
166 165 1
133 135 2
136 138 2
135 137 1
134 137 1
134 133 1
137 136 1
146 148 2
143 145 2
148 144 1
147 144 1
147 146 1
144 143 1
142 140 1
142 141 1
140 139 1
155 152 1
152 149 1
155 153 1
152 150 1
152 151 1
155 154 1
194 196 2
190 195 2
190 193 2
195 194 1
190 194 2
190 191 2
193 192 1
190 192 2
204 203 1
177 176 1
175 176 2
187 186 1
174 180 1
186 183 1
175 177 2
180 178 1
178 178 1
175 178 2
189 188 1
187 167 1
174 173 1
186 184 1
173 184 2
186 185 1
180 179 1
185 179 2
179 169 2
183 182 1
180 182 1
182 170 2
178 175 1
177 175 1
180 181 1
176 181 1
175 181 2
181 171 2
176 168 1
183 168 1
180 168 1
175 168 2
168 172 2
1475 1473 1
1472 1473 2
1476 1474 1
1471 1474 2
1472 1475 2
1471 1476 2
1475 1472 1
1477 1472 2
1476 1471 1
333 331 1
330 331 2
330 333 2
333 330 1
335 330 2
334 332 1
329 332 2
329 334 2
334 329 1
199 202 1
199 197 1
202 200 1
202 201 1
199 198 1
212 211 1
210 211 2
210 212 2
211 206 1
210 206 2
210 216 2
216 214 1
215 214 2
214 208 1
213 208 2
208 209 1
207 209 2
212 210 1
216 215 1
210 215 2
214 213 1
215 213 2
208 207 1
213 207 2
206 205 1
209 205 1
207 205 2
268 269 2
264 265 2
265 267 1
264 267 2
265 266 1
264 266 2
279 280 2
280 272 1
279 272 2
271 283 2
277 276 1
275 276 2
283 281 1
282 281 1
276 281 1
275 281 2
281 273 1
275 273 2
279 274 2
275 277 2
283 278 1
282 278 1
278 278 1
275 278 2
272 271 1
279 271 2
277 275 1
278 275 1
271 275 2
273 270 1
275 270 2
249 250 2
251 248 1
246 248 2
250 247 1
250 251 1
246 251 2
247 246 1
256 257 2
258 255 1
253 255 2
257 254 1
257 258 1
253 258 2
254 253 1
253 252 2
261 262 2
263 260 1
262 260 1
260 259 1
294 308 2
293 292 1
291 292 2
303 302 1
306 302 2
307 295 1
304 304 1
305 304 1
304 286 1
286 286 1
308 297 1
307 297 1
297 288 1
299 299 1
288 299 1
298 314 2
298 287 2
291 293 2
292 290 1
288 290 1
291 290 2
290 313 1
291 313 2
295 310 1
313 310 1
284 310 2
313 303 1
308 303 1
307 303 1
284 303 2
302 301 1
303 301 1
284 301 2
295 294 1
299 298 1
293 291 1
299 291 1
298 291 2
290 289 1
291 289 2
308 311 1
307 311 1
313 311 1
291 311 2
297 296 1
311 296 2
308 312 1
307 312 1
313 312 1
311 312 2
290 284 1
312 284 2
310 309 1
284 309 2
284 306 2
301 285 1
286 285 1
284 285 2
301 300 1
302 300 1
303 300 1
314 300 1
287 300 1
299 300 1
284 300 2
353 352 1
351 352 2
354 354 1
356 354 1
356 350 1
351 353 2
355 355 1
347 355 1
351 355 2
352 349 1
347 349 1
351 349 2
349 357 1
348 357 2
347 346 1
355 351 1
353 351 1
349 348 1
351 348 2
359 358 1
357 358 1
348 358 2
995 994 1
993 994 2
993 995 2
996 996 1
988 996 1
993 996 2
988 990 1
994 990 1
993 990 2
990 997 1
989 997 2
997 999 1
991 999 2
999 1000 1
998 1000 2
988 987 1
996 993 1
995 993 1
990 989 1
993 989 2
992 991 1
997 991 1
989 991 2
999 998 1
991 998 2
1377 1380 2
1378 1379 2
1380 1378 1
23 22 1
942 956 2
942 955 2
951 952 1
950 952 2
949 948 1
950 948 2
947 954 1
946 954 1
945 954 1
944 954 1
943 954 1
954 951 1
947 951 1
946 951 1
945 951 1
944 951 1
943 951 1
953 951 2
954 949 1
950 949 2
954 953 1
951 950 1
953 950 2
1432 1430 1
1428 1430 2
1433 1431 1
1429 1431 2
1428 1432 2
1428 1435 2
1429 1433 2
1438 1434 1
1434 1434 1
1429 1434 2
1432 1428 1
1435 1428 1
1440 1428 2
1438 1437 1
1434 1429 1
1433 1429 1
1437 1429 2
1484 1485 2
1485 1483 1
17 16 1
28 27 1
337 336 1
1439 1436 2
918 919 1
917 919 2
918 916 1
917 916 2
914 925 1
926 925 2
905 903 1
902 903 2
906 904 1
901 904 2
931 932 1
929 932 2
929 913 2
910 921 2
910 918 2
932 922 1
916 922 1
915 922 1
910 922 2
926 911 2
911 914 1
926 914 2
902 905 2
925 923 1
902 923 2
925 907 1
903 907 1
902 907 2
931 909 1
928 909 2
928 912 2
901 906 2
924 908 1
908 908 1
901 908 2
931 930 1
931 929 1
930 929 2
913 910 1
932 910 1
929 910 2
921 920 1
910 920 2
918 917 1
910 917 2
931 927 1
929 927 2
931 926 1
927 926 2
905 902 1
923 902 1
926 902 2
931 928 1
926 928 2
906 901 1
908 901 1
1019 1015 2
1017 1013 2
10 12 2
10 14 2
10 13 2
11 15 1
10 15 2
10 11 2
25 26 2
26 24 1
30 29 1
98 47 1
76 47 2
58 99 2
99 56 1
77 56 2
58 101 2
101 48 1
78 48 2
58 100 2
100 57 1
79 57 2
58 102 2
102 49 1
80 49 2
58 104 2
104 60 1
81 60 2
58 103 2
103 61 1
82 61 2
58 105 2
105 62 1
83 62 2
58 106 2
106 52 1
84 52 2
58 107 2
107 54 1
85 54 2
58 109 2
109 75 1
86 75 2
58 111 2
111 68 1
87 68 2
58 110 2
110 55 1
88 55 2
58 113 2
113 65 1
89 65 2
58 112 2
112 59 1
90 59 2
58 114 2
114 67 1
91 67 2
58 115 2
115 69 1
92 69 2
58 116 2
116 46 1
93 46 2
58 117 2
117 72 1
94 72 2
58 119 2
119 66 1
95 66 2
58 118 2
118 74 1
96 74 2
58 108 2
108 51 1
97 51 2
70 50 2
70 73 2
70 53 2
70 64 2
70 63 2
70 71 2
58 98 2
98 76 1
58 76 2
99 77 1
58 77 2
101 78 1
58 78 2
100 79 1
58 79 2
102 80 1
58 80 2
104 81 1
58 81 2
103 82 1
58 82 2
105 83 1
58 83 2
106 84 1
58 84 2
107 85 1
58 85 2
109 86 1
58 86 2
111 87 1
58 87 2
110 88 1
58 88 2
113 89 1
58 89 2
112 90 1
58 90 2
114 91 1
58 91 2
115 92 1
58 92 2
116 93 1
58 93 2
117 94 1
58 94 2
119 95 1
58 95 2
118 96 1
58 96 2
108 97 1
58 97 2
239 238 1
236 238 2
242 241 1
240 241 2
228 245 1
226 245 2
231 227 1
230 227 2
243 233 2
233 234 1
243 234 2
236 239 2
234 229 1
238 229 1
236 229 2
240 242 2
241 228 1
229 228 1
240 228 2
245 235 1
233 232 1
243 232 2
234 236 1
239 236 1
243 236 2
238 237 1
236 237 2
242 240 1
229 240 1
236 240 2
228 226 1
240 226 2
245 244 1
231 230 1
1078 1075 1
1076 1075 2
1078 1076 1
325 318 2
328 322 1
324 324 1
324 328 1
328 326 1
322 320 1
322 315 1
328 327 1
315 327 2
322 321 1
323 321 1
318 316 1
319 316 1
321 316 2
318 317 1
319 317 1
316 317 2
340 338 1
340 339 1
363 366 2
363 367 2
367 368 1
363 368 2
365 364 1
364 363 2
493 492 1
491 492 2
500 498 1
497 498 1
492 498 1
490 498 2
499 501 1
490 501 2
500 495 1
491 493 2
491 499 2
497 496 1
493 491 1
500 491 1
492 494 1
495 494 1
500 494 1
491 494 2
500 490 1
497 490 1
492 490 1
499 490 1
491 490 2
418 416 1
417 416 2
418 417 1
416 415 1
417 415 2
407 408 2
411 411 1
411 404 1
410 404 2
404 413 1
410 413 2
413 414 1
412 414 2
414 406 1
412 406 2
411 410 1
413 412 1
410 412 2
406 405 1
412 405 2
409 407 1
405 407 2
400 400 1
400 401 1
399 401 2
398 403 1
401 403 1
399 403 2
400 399 1
403 402 1
399 402 2
420 422 2
419 421 2
423 420 1
420 424 2
444 443 2
443 445 1
444 445 2
442 444 1
447 449 2
446 464 2
453 452 1
451 452 2
459 465 1
456 456 1
456 460 1
455 460 2
460 462 1
463 462 1
455 462 2
450 454 1
451 453 2
457 457 1
454 457 1
451 457 2
454 458 1
452 458 1
451 458 2
448 447 1
456 455 1
462 461 1
455 461 2
453 451 1
457 451 1
895 894 1
893 894 2
893 895 2
896 896 1
892 896 1
893 896 2
892 891 1
895 893 1
896 893 1
891 893 2
470 472 2
471 470 1
467 469 2
468 467 1
467 466 2
479 481 2
474 476 2
476 475 1
477 475 1
473 475 2
478 478 1
478 480 1
481 477 1
480 477 1
480 479 1
477 474 1
476 473 1
477 473 1
486 484 1
485 484 2
486 485 1
484 483 1
485 483 2
483 482 2
1482 1481 1
1480 1481 2
1480 1482 2
1479 1478 1
1482 1480 1
1479 1480 1
1478 1480 2
489 488 1
488 487 2
592 594 2
593 592 1
575 574 1
573 574 2
578 577 1
576 577 2
571 572 1
570 572 2
573 575 2
574 569 1
572 569 1
573 569 2
576 578 2
577 582 1
569 582 1
576 582 2
583 584 1
580 579 1
571 570 1
575 573 1
572 573 1
570 573 2
569 576 1
578 576 1
573 576 2
582 581 1
576 581 2
510 509 1
508 509 2
515 514 1
513 514 2
506 507 1
505 507 2
508 510 2
507 502 1
509 502 1
508 502 2
513 515 2
514 512 1
502 512 1
513 512 2
503 504 1
517 516 1
506 505 1
510 508 1
507 508 1
505 508 2
515 513 1
502 513 1
508 513 2
512 511 1
513 511 2
1031 1030 1
1030 1036 1
1036 1032 1
1035 1032 2
1036 1027 1
1034 1027 2
1031 1028 1
1036 1033 1
1036 1035 1
1036 1034 1
1027 1026 1
1034 1026 2
1030 1029 1
1026 1029 2
590 589 1
586 589 2
591 590 1
587 585 1
590 588 1
587 586 1
598 597 1
596 597 2
595 598 2
595 596 2
602 601 1
600 601 2
612 616 1
599 616 2
616 604 1
599 604 2
604 613 1
616 613 1
606 613 1
617 613 1
603 613 2
608 615 1
607 615 2
615 605 1
607 605 2
611 609 1
620 617 1
617 617 1
609 614 1
617 614 1
600 602 2
601 612 1
611 612 1
600 612 2
612 618 1
600 618 2
620 608 1
608 608 1
620 619 1
611 610 1
602 600 1
609 600 1
610 600 2
620 599 1
618 599 1
600 599 2
609 603 1
604 603 1
616 603 1
606 603 1
610 603 2
608 607 1
621 622 2
623 635 2
635 638 1
634 638 1
623 638 2
626 631 1
625 631 2
631 628 1
630 628 1
624 628 2
624 629 2
629 637 1
628 637 1
632 626 1
634 623 1
636 623 1
626 624 1
626 625 1
630 625 1
624 625 2
628 627 1
624 627 2
635 633 1
634 633 1
664 662 1
660 662 2
670 668 1
666 668 2
686 688 2
647 649 2
665 663 1
661 663 2
671 669 1
667 669 2
660 664 2
678 678 1
695 678 1
660 678 2
695 694 1
662 694 1
660 694 2
694 673 1
660 673 2
673 687 1
641 687 1
660 687 2
673 696 1
660 696 2
666 670 2
678 676 1
696 676 1
666 676 2
668 658 1
696 658 1
666 658 2
658 682 1
666 682 2
641 648 1
674 648 2
677 697 1
685 697 1
659 697 1
672 697 1
689 697 1
645 697 1
657 697 1
675 697 1
683 697 1
643 697 1
671 697 1
693 697 1
665 697 1
692 697 1
681 697 1
644 697 1
651 697 1
652 697 1
654 697 1
656 697 1
646 697 1
690 697 1
659 659 1
659 677 1
677 652 1
661 665 2
652 657 1
663 657 1
661 657 2
657 672 1
661 672 2
657 685 1
661 685 2
685 675 1
661 675 2
675 689 1
661 689 2
667 671 2
689 683 1
669 683 1
667 683 2
683 644 1
672 644 1
667 644 2
692 654 1
659 654 1
691 654 2
654 656 1
653 656 2
656 693 1
653 693 2
656 690 1
653 690 2
690 651 1
659 651 1
653 651 2
651 645 1
650 645 2
645 646 1
650 646 2
645 643 1
650 643 2
643 681 1
693 681 1
646 681 1
650 681 2
678 660 1
664 660 1
694 639 1
660 639 2
670 666 1
676 666 1
660 666 2
682 655 1
658 655 1
673 655 1
666 655 2
687 686 1
655 686 2
648 647 1
674 647 2
677 661 1
665 661 1
685 684 1
661 684 2
675 667 1
671 667 1
661 667 2
644 642 1
667 642 2
661 679 2
692 691 1
654 653 1
691 653 2
651 650 1
653 650 2
699 698 1
680 640 1
1053 1052 1
1051 1052 2
1056 1055 1
1054 1055 2
1050 1050 1
1050 1059 1
1059 1045 1
1051 1053 2
1045 1049 1
1052 1049 1
1051 1049 2
1049 1057 1
1051 1057 2
1049 1064 1
1051 1064 2
1064 1058 1
1051 1058 2
1058 1065 1
1051 1065 2
1054 1056 2
1065 1062 1
1055 1062 1
1054 1062 2
1062 1040 1
1057 1040 1
1054 1040 2
1068 1047 1
1050 1047 1
1067 1047 2
1047 1048 1
1046 1048 2
1048 1069 1
1046 1069 2
1048 1066 1
1046 1066 2
1066 1044 1
1050 1044 1
1046 1044 2
1044 1041 1
1043 1041 2
1041 1042 1
1043 1042 2
1041 1039 1
1043 1039 2
1039 1061 1
1069 1061 1
1042 1061 1
1043 1061 2
1059 1051 1
1053 1051 1
1064 1063 1
1051 1063 2
1058 1054 1
1056 1054 1
1051 1054 2
1040 1038 1
1054 1038 2
1051 1060 2
1068 1067 1
1047 1046 1
1067 1046 2
1044 1043 1
1046 1043 2
710 725 2
718 715 2
719 716 1
712 716 2
718 714 2
718 726 2
718 724 2
723 720 1
719 718 1
718 701 2
718 705 2
718 710 2
723 721 1
718 721 2
723 722 1
718 722 2
715 712 1
718 712 2
716 713 1
712 713 2
713 702 2
712 703 2
718 717 2
718 708 2
718 709 2
718 711 2
724 700 1
718 700 2
700 704 2
718 706 2
718 707 2
1470 1469 1
1468 1469 2
1465 1467 2
1468 1470 2
1467 1466 1
1465 1466 2
1470 1468 1
1467 1468 1
1466 1468 2
734 732 1
730 728 2
733 731 1
729 727 2
734 730 1
733 729 1
1018 1014 2
1016 1012 2
360 362 2
361 360 1
776 778 1
783 782 1
781 782 2
778 783 1
778 780 1
781 780 2
783 781 1
776 775 1
778 777 1
779 777 1
430 429 1
428 429 2
433 432 1
431 432 2
427 438 1
426 438 2
440 441 1
428 430 2
436 436 1
439 436 1
428 436 2
439 434 1
429 434 1
428 434 2
434 425 1
428 425 2
431 433 2
436 435 1
425 435 1
431 435 2
425 427 1
432 427 1
431 427 2
436 428 1
430 428 1
433 431 1
435 431 1
428 431 2
436 426 1
437 426 1
427 426 1
440 426 1
431 426 2
370 369 2
863 844 1
871 844 1
881 844 2
849 856 1
875 874 1
873 874 2
869 868 1
867 868 2
840 839 1
838 839 2
854 852 1
851 852 2
870 883 1
883 871 1
881 871 2
881 863 2
844 860 1
843 860 1
881 860 2
860 859 1
881 859 2
850 853 2
860 862 1
853 862 1
850 862 2
862 877 1
850 877 2
862 846 1
876 846 2
856 875 1
856 878 1
873 878 2
856 864 1
873 864 2
864 880 1
873 880 2
856 869 1
856 866 1
867 866 2
866 865 1
861 865 1
867 865 2
856 840 1
867 840 2
856 837 1
838 837 2
856 858 1
838 858 2
858 841 1
838 841 2
851 854 2
852 879 1
872 879 1
851 879 2
883 881 1
844 842 1
843 842 1
881 842 2
844 835 1
843 835 1
881 835 2
859 850 1
853 850 1
881 850 2
877 876 1
850 876 2
846 845 1
876 845 2
883 882 1
875 873 1
864 836 1
873 836 2
869 867 1
840 838 1
867 838 2
849 847 1
849 848 1
856 855 1
857 855 1
872 851 1
854 851 1
822 821 1
820 821 2
820 822 2
827 826 1
821 826 1
820 826 2
834 832 1
826 832 1
825 832 2
826 830 1
825 830 2
830 823 1
828 823 2
823 833 1
828 833 2
826 831 1
824 831 2
827 820 1
822 820 1
826 825 1
820 825 2
830 828 1
825 828 2
823 819 1
828 819 2
826 824 1
825 824 2
831 829 1
824 829 2
737 740 2
736 739 1
737 738 2
736 735 1
738 737 1
736 737 1
745 742 2
744 741 1
745 746 2
744 743 1
746 745 1
744 745 1
750 749 2
747 748 1
750 751 2
751 750 1
747 750 1
766 754 1
753 754 2
754 773 1
753 773 2
759 756 1
756 774 1
761 759 1
769 759 1
758 759 1
771 759 1
768 759 1
760 759 1
752 759 1
757 759 1
762 759 1
767 759 1
770 759 1
772 759 1
766 764 1
766 765 1
755 753 1
766 753 1
766 763 1
753 763 2
790 792 2
788 789 2
788 793 2
788 787 2
787 785 1
793 785 1
788 785 2
788 791 2
786 788 1
789 788 1
794 784 1
788 784 2
791 790 1
788 790 2
798 797 1
795 797 2
798 796 1
796 795 1
800 803 2
799 802 1
800 801 2
801 800 1
799 800 1
805 806 2
805 807 2
806 805 1
804 805 1
815 809 1
808 809 2
809 817 1
808 817 2
816 811 1
811 818 1
815 813 1
815 814 1
810 808 1
815 808 1
815 812 1
808 812 2
887 886 1
884 885 2
884 888 2
884 890 2
887 884 1
885 884 1
890 889 1
884 889 2
900 898 1
899 898 2
900 899 1
898 897 1
899 897 2
941 939 1
938 939 2
939 935 1
938 935 2
935 934 1
938 934 2
935 937 1
933 937 2
941 941 1
941 936 1
940 936 2
939 938 1
934 933 1
938 933 2
941 940 1
35 32 2
33 34 2
32 36 1
33 36 2
34 31 1
32 31 1
33 31 2
36 33 1
34 33 1
35 33 2
963 965 1
961 965 2
965 967 1
961 967 2
965 966 1
961 966 2
963 961 1
967 958 1
961 958 2
966 957 1
961 957 2
965 964 1
961 964 2
961 959 2
961 960 2
963 962 1
960 962 2
970 971 2
969 973 1
973 975 1
969 975 1
972 975 2
975 974 1
972 974 2
973 968 1
972 968 2
973 972 1
979 982 2
979 983 2
984 986 2
983 978 1
982 978 1
981 978 1
980 978 2
980 977 2
980 985 2
983 980 1
982 980 1
981 980 1
979 980 2
980 976 2
985 984 1
980 984 2
1007 1002 1
1004 1002 2
1004 1007 2
1005 1004 1
1004 1001 2
1004 1003 2
1007 1006 1
1004 1006 2
1010 1009 1
1009 1008 1
1008 1011 2
1022 1021 1
1021 1020 1
1025 1024 1
1024 1023 1
1094 1093 1
1089 1093 2
1091 1092 1
1091 1090 1
1100 1102 1
1105 1099 1
1099 1104 1
1098 1104 2
1099 1098 1
1102 1101 1
1103 1101 1
1130 1132 1
1132 1131 1
1133 1131 1
1145 1146 2
1143 1143 1
1143 1141 1
1142 1141 2
1141 1144 1
1142 1144 2
1143 1142 1
1140 1139 1
1141 1139 1
1144 1139 1
1142 1139 2
1147 1145 1
1139 1145 2
1084 1085 2
1085 1084 1
1083 1084 1
1087 1088 2
1086 1087 1
1088 1087 1
1096 1097 2
1095 1096 1
1097 1096 1
1115 1109 1
1107 1109 2
1109 1110 1
1108 1110 1
1106 1110 2
1113 1114 2
1114 1112 1
1113 1112 2
1112 1115 1
1113 1115 2
1112 1108 1
1113 1108 2
1113 1111 2
1114 1113 1
1108 1107 1
1113 1107 2
1109 1106 1
1108 1106 1
1113 1106 2
1116 1118 2
1117 1116 1
1120 1121 2
1119 1120 1
1121 1120 1
1122 1124 2
1123 1125 1
1122 1125 2
1127 1128 2
1128 1129 1
1127 1129 2
1129 1123 1
1127 1123 2
1126 1127 1
1128 1127 1
1123 1122 1
1127 1122 2
1135 1136 2
1136 1134 1
1135 1134 2
1134 1137 1
1135 1137 2
1134 1138 1
1135 1138 2
1136 1135 1
1442 1442 1
1444 1443 1
1441 1443 1
1442 1443 1
1149 1158 2
1165 1164 1
1161 1162 2
1157 1151 1
1156 1151 2
1153 1153 1
1164 1153 1
1165 1153 1
1153 1150 1
1152 1150 2
1162 1159 1
1163 1159 1
1160 1159 2
1155 1154 1
1157 1156 1
1157 1148 1
1156 1148 2
1153 1152 1
1163 1161 1
1152 1161 2
1162 1160 1
1163 1160 1
1187 1188 2
1187 1178 2
1189 1177 1
1187 1177 2
1176 1179 2
1168 1170 2
1183 1185 2
1166 1171 2
1196 1191 1
1191 1186 1
1181 1186 2
1186 1189 1
1181 1189 2
1181 1180 2
1191 1169 1
1179 1169 1
1177 1169 1
1178 1169 1
1181 1169 2
1191 1195 1
1181 1195 2
1194 1193 2
1193 1192 1
1195 1192 1
1194 1192 2
1192 1182 1
1194 1182 2
1170 1184 1
1169 1184 1
1182 1184 1
1194 1184 2
1179 1173 1
1177 1173 1
1178 1173 1
1167 1173 2
1173 1174 1
1172 1174 2
1174 1175 1
1172 1175 2
1191 1190 1
1191 1181 1
1190 1181 2
1189 1187 1
1181 1187 2
1177 1176 1
1187 1176 2
1169 1168 1
1181 1168 2
1195 1194 1
1181 1194 2
1184 1183 1
1194 1183 2
1181 1167 2
1173 1172 1
1167 1172 2
1342 1343 2
1350 1346 1
1350 1348 1
1346 1348 1
1350 1349 1
1345 1344 1
1344 1341 2
1344 1351 2
1351 1347 2
1198 1210 2
1197 1209 2
1209 1213 1
1201 1213 2
1213 1220 1
1201 1220 2
1219 1208 1
1208 1214 1
1202 1214 2
1214 1216 1
1202 1216 2
1214 1217 1
1202 1217 2
1217 1205 1
1202 1205 2
1205 1211 1
1204 1211 2
1211 1222 1
1204 1222 2
1222 1200 1
1204 1200 2
1211 1224 1
1199 1224 2
1224 1207 1
1199 1207 2
1207 1212 1
1206 1212 2
1212 1223 1
1206 1223 2
1210 1215 1
1203 1215 2
1215 1221 1
1203 1221 2
1209 1201 1
1197 1201 2
1219 1218 1
1208 1202 1
1205 1204 1
1202 1204 2
1200 1199 1
1204 1199 2
1207 1206 1
1199 1206 2
1210 1203 1
1198 1203 2
1336 1339 2
1317 1316 1
1315 1316 2
1304 1308 1
1316 1308 1
1305 1308 2
1308 1332 1
1305 1332 2
1332 1307 1
1308 1307 1
1333 1307 1
1331 1307 2
1330 1328 1
1327 1328 2
1302 1309 2
1318 1320 1
1338 1320 1
1318 1338 1
1319 1319 1
1304 1319 1
1319 1306 1
1315 1317 2
1330 1325 1
1325 1337 1
1324 1337 2
1337 1322 1
1324 1322 2
1322 1313 1
1321 1313 2
1313 1335 1
1321 1335 2
1313 1326 1
1321 1326 2
1326 1314 1
1323 1314 2
1314 1340 1
1323 1340 2
1340 1334 1
1335 1334 1
1323 1334 2
1328 1311 1
1303 1311 2
1311 1312 1
1310 1312 2
1312 1329 1
1310 1329 2
1338 1336 1
1319 1315 1
1317 1315 1
1304 1305 1
1316 1305 1
1315 1305 2
1332 1331 1
1308 1331 1
1333 1331 1
1319 1331 1
1325 1324 1
1322 1321 1
1324 1321 2
1326 1323 1
1321 1323 2
1330 1327 1
1327 1303 2
1311 1310 1
1303 1310 2
19 21 2
18 20 1
20 19 1
1287 1299 1
1298 1299 2
1287 1286 1
1283 1286 2
1279 1301 1
1283 1301 2
1301 1284 1
1283 1284 2
1290 1289 1
1288 1289 2
1276 1278 2
1282 1296 2
1296 1293 1
1295 1293 2
1293 1294 1
1291 1294 2
1294 1287 1
1291 1287 2
1291 1285 2
1291 1300 2
1294 1281 1
1291 1281 2
1281 1279 1
1280 1279 2
1288 1290 2
1296 1295 1
1282 1295 2
1295 1277 2
1295 1275 2
1293 1292 1
1275 1292 2
1293 1291 1
1295 1291 2
1281 1280 1
1291 1280 2
1279 1283 1
1280 1283 2
1300 1298 1
1283 1298 2
1299 1297 1
1300 1297 1
1291 1297 2
1284 1288 1
1301 1288 1
1285 1288 1
1290 1288 1
1297 1288 2
1247 1259 1
1258 1259 2
1247 1246 1
1236 1246 2
1272 1263 1
1236 1263 2
1263 1261 1
1236 1261 2
1241 1239 1
1237 1239 2
1254 1266 1
1265 1266 2
1254 1253 1
1273 1253 2
1249 1270 1
1273 1270 2
1270 1268 1
1273 1268 2
1242 1240 1
1238 1240 2
1225 1227 2
1225 1230 2
1230 1233 1
1228 1233 2
1233 1255 1
1228 1255 2
1250 1254 1
1250 1252 1
1252 1235 1
1251 1235 2
1235 1249 1
1251 1249 2
1235 1274 1
1248 1274 2
1274 1243 1
1248 1243 2
1243 1247 1
1248 1247 2
1248 1262 2
1248 1260 2
1243 1245 1
1248 1245 2
1245 1232 1
1244 1232 2
1232 1272 1
1244 1272 2
1232 1271 1
1244 1271 2
1237 1241 2
1238 1242 2
1226 1231 2
1231 1234 1
1229 1234 2
1234 1256 1
1229 1256 2
1230 1228 1
1225 1228 2
1252 1251 1
1249 1248 1
1251 1248 2
1245 1244 1
1248 1244 2
1271 1236 1
1244 1236 2
1260 1258 1
1236 1258 2
1259 1257 1
1260 1257 1
1248 1257 2
1261 1237 1
1263 1237 1
1262 1237 1
1241 1237 1
1257 1237 2
1274 1273 1
1248 1273 2
1267 1265 1
1273 1265 2
1266 1264 1
1267 1264 1
1268 1238 1
1270 1238 1
1269 1238 1
1242 1238 1
1264 1238 2
1231 1229 1
1226 1229 2
1373 1365 2
1359 1356 1
1353 1356 2
1360 1357 1
1354 1357 2
1372 1371 1
1368 1371 2
1370 1366 1
1371 1366 1
1372 1366 1
1364 1366 1
1373 1366 2
1361 1358 1
1355 1358 2
1374 1367 1
1358 1367 1
1375 1367 2
1367 1362 1
1375 1362 2
1376 1352 1
1352 1374 1
1373 1364 2
1364 1369 1
1373 1369 2
1353 1359 2
1373 1372 2
1374 1370 1
1373 1370 2
1354 1360 2
1364 1363 1
1373 1363 2
1355 1361 2
1374 1373 1
1364 1353 1
1359 1353 1
1373 1353 2
1370 1354 1
1360 1354 1
1373 1354 2
1369 1368 1
1374 1368 1
1357 1368 1
1354 1368 2
1370 1355 1
1361 1355 1
1373 1355 2
1374 1375 1
1358 1375 1
1355 1375 2
1381 1384 2
1381 1385 2
1386 1383 2
1383 1382 1
1386 1382 2
1397 1396 1
1395 1396 2
1390 1404 1
1388 1394 2
1395 1397 2
1394 1402 1
1395 1402 2
1401 1401 1
1403 1401 2
1401 1399 1
1400 1399 2
1399 1405 1
1400 1405 2
1391 1393 1
1399 1393 1
1400 1393 2
1402 1395 1
1397 1395 1
1388 1395 2
1401 1400 1
1403 1400 2
1399 1387 1
1400 1387 2
1399 1398 1
1400 1398 2
1390 1389 1
1398 1389 2
1405 1392 1
1393 1392 1
1400 1392 2
1423 1427 2
1425 1422 2
1426 1424 1
1426 1425 1
1070 1037 2
1071 1070 1
1073 1072 2
1074 1073 1
1448 1447 1
1446 1445 1
1449 1451 2
1450 1449 1
1457 1455 1
1456 1455 2
1455 1452 1
1456 1452 2
1453 1454 1
1457 1456 1
1463 1464 2
1462 1461 1
1461 1460 1
1461 1458 1
1459 1458 1
219 218 1
217 218 2
217 219 2
220 220 1
225 220 1
224 220 1
217 220 2
225 221 1
224 221 1
218 221 1
217 221 2
221 223 1
217 223 2
219 217 1
220 217 1
223 222 1
217 222 2
1531 1531 1
1531 1532 1
1531 1530 1
1540 1537 1
1537 1535 1
1540 1535 1
1533 1535 2
1537 1538 1
1540 1538 1
1533 1538 2
1544 1539 1
1540 1534 1
1538 1544 1
1537 1544 1
1540 1544 1
1534 1533 1
1537 1536 1
1540 1536 1
1533 1536 2
1542 1541 1
1538 1543 1
1537 1543 1
1540 1543 1
1544 1543 1
1549 1550 2
1550 1548 1
1549 1548 2
1551 1549 1
1550 1549 1
1548 1547 1
1549 1547 2
1551 1545 1
1551 1546 1
1561 1560 1
1559 1560 2
1556 1555 1
1559 1555 2
1558 1561 1
1557 1561 1
1556 1553 1
1559 1553 2
1556 1554 1
1559 1554 2
1561 1559 1
1553 1552 1
1554 1552 1
1559 1552 2
1568 1566 1
1563 1566 2
1578 1577 1
1571 1577 1
1566 1577 1
1563 1577 2
1569 1567 1
1564 1567 2
1576 1574 1
1565 1574 2
1573 1575 1
1574 1575 1
1576 1575 1
1564 1575 2
1571 1571 1
1563 1568 2
1571 1562 1
1577 1562 1
1578 1562 1
1564 1569 2
1567 1572 1
1564 1572 2
1571 1573 1
1572 1573 1
1564 1573 2
1571 1570 1
1571 1563 1
1568 1563 1
1571 1564 1
1569 1564 1
1567 1565 1
1564 1565 2
1589 1588 1
1590 1588 2
1586 1585 1
1584 1585 2
1584 1586 2
1587 1587 1
1584 1587 2
1587 1584 1
1586 1584 1
1587 1583 1
1585 1583 1
1584 1583 2
1581 1580 1
1579 1580 2
1579 1581 2
1582 1582 1
1579 1582 2
1582 1579 1
1581 1579 1
1625 1624 1
1623 1624 2
1623 1625 2
1626 1621 1
1622 1621 1
1622 1623 1
1625 1623 1
1624 1620 1
1626 1620 1
1622 1620 1
1623 1620 2
1659 1660 2
1660 1659 1
1660 1657 1
1659 1657 2
1660 1658 1
1657 1658 2
1660 1656 1
1657 1656 2
1652 1653 2
1655 1654 1
1653 1652 1
1655 1652 1
1653 1651 1
1652 1651 2
1648 1647 1
1646 1647 2
1650 1648 1
1646 1648 2
1650 1649 1
1648 1646 1
1647 1644 1
1646 1644 2
1647 1645 1
1644 1645 2
1647 1643 1
1644 1643 2
1633 1628 2
1633 1629 2
1630 1631 2
1634 1632 1
1634 1633 1
1631 1630 1
1634 1630 1
1628 1627 1
1631 1627 1
1629 1627 1
1630 1627 2
1641 1636 2
1641 1637 2
1638 1639 2
1642 1640 1
1642 1641 1
1642 1638 1
1639 1638 1
1636 1635 1
1639 1635 1
1637 1635 1
1638 1635 2
1672 1670 1
1669 1670 2
1673 1671 1
1668 1671 2
1676 1675 1
1674 1675 2
1669 1672 2
1668 1673 2
1677 1678 1
1678 1678 1
1668 1678 2
1671 1680 1
1677 1680 1
1668 1680 2
1679 1662 1
1668 1662 2
1662 1676 1
1674 1676 2
1679 1666 1
1667 1666 1
1672 1669 1
1679 1669 1
1670 1663 1
1669 1663 2
1673 1668 1
1678 1668 1
1680 1661 1
1662 1661 1
1678 1661 1
1667 1661 1
1668 1661 2
1679 1665 1
1668 1665 2
1667 1674 1
1676 1674 1
1668 1674 2
1680 1664 1
1675 1664 1
1662 1664 1
1674 1664 2
1682 1681 1
1692 1693 1
1684 1693 2
1693 1696 1
1698 1696 1
1684 1696 2
1696 1688 1
1684 1688 2
1693 1699 1
1684 1699 2
1698 1697 1
1692 1697 1
1684 1697 2
1697 1689 1
1684 1689 2
1692 1700 1
1684 1700 2
1690 1695 1
1692 1698 1
1692 1686 1
1690 1687 1
1694 1691 1
1692 1691 1
1686 1683 1
1686 1685 1
1686 1684 1
1685 1684 2
1703 1702 1
1701 1702 2
1707 1707 1
1701 1703 2
1707 1704 1
1701 1704 2
1702 1706 1
1707 1706 1
1701 1706 2
1703 1701 1
1704 1701 1
1706 1705 1
1701 1705 2
1706 1708 1
1705 1708 2
1712 1711 1
1710 1711 2
1711 1715 1
1714 1715 1
1710 1715 2
1714 1714 1
1713 1716 2
1710 1712 2
1716 1709 1
1710 1709 2
1714 1713 1
1714 1710 1
1712 1710 1
1713 1710 2
1779 1778 1
1777 1778 2
1777 1779 2
1776 1780 1
1777 1780 2
1780 1777 1
1779 1777 1
1778 1775 1
1776 1775 1
1777 1775 2
1785 1784 1
1783 1784 2
1783 1785 2
1782 1786 1
1783 1786 2
1786 1783 1
1785 1783 1
1782 1781 1
1784 1781 1
1783 1781 2
1791 1790 1
1789 1790 2
1789 1791 2
1788 1792 1
1789 1792 2
1792 1789 1
1791 1789 1
1790 1787 1
1788 1787 1
1789 1787 2
1797 1796 1
1795 1796 2
1795 1797 2
1794 1798 1
1795 1798 2
1797 1795 1
1798 1795 1
1796 1793 1
1794 1793 1
1795 1793 2
1803 1806 2
1800 1807 1
1799 1807 2
1807 1808 1
1806 1808 1
1805 1808 1
1807 1802 1
1806 1802 1
1805 1802 1
1800 1802 1
1805 1803 1
1800 1799 1
1806 1799 1
1805 1799 1
1807 1804 1
1806 1804 1
1805 1804 1
1802 1801 1
1813 1816 1
1814 1813 1
1814 1811 1
1813 1811 1
1813 1809 1
1815 1809 1
1814 1809 1
1811 1809 1
1809 1818 1
1819 1818 2
1813 1812 1
1811 1810 1
1818 1817 1
1819 1817 2
1848 1847 1
1846 1847 2
1855 1854 1
1853 1854 2
1835 1841 2
1843 1842 1
1851 1842 2
1842 1849 1
1851 1849 2
1841 1836 1
1835 1836 2
1835 1856 2
1835 1845 2
1835 1838 2
1846 1848 2
1838 1858 1
1858 1858 1
1846 1858 2
1847 1844 1
1838 1844 1
1839 1844 2
1853 1855 2
1858 1857 1
1844 1857 1
1853 1857 2
1845 1859 1
1835 1859 2
1859 1840 1
1835 1840 2
1835 1850 2
1845 1852 1
1852 1852 1
1835 1852 2
1852 1843 1
1851 1843 2
1848 1846 1
1858 1846 1
1835 1846 2
1856 1839 1
1847 1839 1
1838 1839 1
1846 1839 2
1855 1853 1
1857 1853 1
1839 1853 2
1852 1851 1
1835 1851 2
1843 1837 1
1851 1837 2
1862 1877 1
1861 1877 2
1881 1872 2
1860 1873 2
1873 1867 1
1872 1867 1
1874 1867 1
1871 1867 2
1867 1876 1
1865 1876 1
1870 1876 2
1880 1862 2
1880 1868 2
1880 1874 2
1879 1866 2
1867 1864 1
1863 1864 2
1864 1869 1
1863 1869 2
1869 1865 1
1863 1865 2
1862 1861 1
1880 1861 2
1880 1881 2
1881 1879 2
1866 1860 1
1879 1860 2
1873 1871 1
1872 1871 1
1874 1871 1
1880 1871 2
1864 1863 1
1871 1863 2
1865 1870 1
1863 1870 2
1876 1875 1
1877 1875 1
1878 1875 1
1898 1897 1
1892 1888 2
1889 1891 2
1891 1886 1
1889 1886 2
1882 1890 2
1890 1887 1
1882 1887 2
1888 1883 1
1892 1883 2
1882 1889 2
1886 1884 1
1889 1884 2
1887 1885 1
1882 1885 2
1893 1896 2
1895 1893 1
1896 1894 1
1893 1894 2
1906 1905 2
1905 1912 1
1906 1912 2
1906 1909 2
1909 1901 1
1906 1901 2
1906 1907 2
1906 1913 2
1907 1904 1
1913 1904 1
1906 1904 2
1904 1903 1
1906 1903 2
1904 1911 1
1903 1911 1
1906 1911 2
1906 1908 2
1903 1902 1
1906 1902 2
1911 1910 1
1906 1910 2
1919 1920 1
1915 1920 2
1919 1917 1
1919 1918 1
1921 1918 1
1917 1914 1
1917 1916 1
1917 1915 1
1916 1915 2
1926 1925 1
1924 1925 2
1924 1926 2
1926 1924 1
1925 1923 1
1924 1923 2
1925 1922 1
1924 1922 2
1618 1617 1
1616 1617 2
1616 1618 2
1616 1619 2
1617 1615 1
1615 1615 1
1616 1615 2
1618 1616 1
1619 1616 1
1929 1931 1
1929 1927 1
1930 1927 1
1930 1930 1
1929 1928 1
1608 1606 1
1605 1606 2
1606 1607 1
1611 1607 2
1592 1603 2
1603 1613 1
1601 1613 1
1611 1613 2
1613 1598 1
1611 1598 2
1593 1604 2
1604 1614 1
1602 1614 1
1614 1599 1
1605 1608 2
1605 1610 2
1606 1600 1
1605 1600 2
1606 1612 1
1605 1612 2
1595 1601 1
1611 1601 2
1595 1602 1
1609 1594 2
1610 1605 1
1608 1605 1
1610 1591 1
1606 1591 1
1605 1591 2
1612 1611 1
1605 1611 2
1601 1592 1
1611 1592 2
1598 1596 1
1613 1596 1
1611 1596 2
1602 1593 1
1599 1597 1
1614 1597 1
1938 1933 1
1935 1933 2
1936 1934 1
1932 1934 1
1935 1934 2
1935 1938 2
1936 1935 1
1938 1937 1
1935 1937 2
1939 1943 2
1944 1942 1
1942 1939 1
1943 1940 1
1939 1940 2
1942 1941 1
1939 1941 2
1826 1825 1
1824 1825 2
1824 1826 2
1821 1830 1
1824 1830 2
1829 1829 1
1831 1829 1
1829 1832 1
1828 1832 2
1834 1823 1
1826 1824 1
1830 1824 1
1829 1828 1
1827 1820 1
1828 1820 2
1823 1822 1
1834 1833 1
1947 1946 1
1945 1946 2
1946 1950 1
1949 1950 1
1945 1950 2
1945 1947 2
1948 1948 1
1949 1948 1
1945 1948 2
1948 1945 1
1947 1945 1
1952 1951 1
2044 2043 1
2042 2043 2
2042 2044 2
2049 2045 1
2043 2045 1
2042 2045 2
2045 2051 1
2042 2051 2
2051 2048 1
2050 2048 2
2051 2046 1
2048 2046 1
2050 2046 2
2049 2042 1
2044 2042 1
2051 2050 1
2042 2050 2
2048 2047 1
2046 2047 1
2050 2047 2
1955 1983 1
1954 1983 2
1967 1965 1
1963 1965 2
1957 1997 1
1998 1997 1
1956 1997 2
1997 1987 1
1998 1987 1
1963 1987 2
1954 1982 2
1962 1985 1
1972 1985 2
1968 1966 1
1964 1966 2
1993 1992 1
1969 1992 2
1993 1994 1
1969 1994 2
1994 1986 1
1992 1986 1
1964 1986 2
1961 1976 1
1978 1976 2
2000 1961 1
1980 1995 1
1979 1995 2
1980 1975 1
1979 1975 2
1955 1955 1
1975 1955 1
1979 1955 2
1963 1967 2
1965 1953 1
1955 1953 1
1963 1953 2
1953 1996 1
1963 1996 2
1996 1957 1
1963 1957 2
1996 1998 1
1963 1998 2
1981 1981 1
1978 1981 2
1961 1991 1
1981 1991 1
1991 1991 1
1978 1991 2
1961 1971 1
1971 1971 1
1978 1971 2
1981 1962 1
1962 1962 1
1978 1962 2
1981 1973 1
1971 1973 1
1962 1973 1
1978 1973 2
1988 1988 1
1981 1988 1
1978 1988 2
1988 1974 1
1974 1974 1
1978 1974 2
1973 1960 1
1978 1960 2
1974 1984 1
1960 1984 1
1978 1984 2
1964 1968 2
1988 1993 1
1966 1993 1
1964 1993 2
1985 1990 1
1984 1990 1
1991 1990 1
1961 1990 1
1978 1990 2
1978 1977 2
1990 1959 1
1976 1959 1
1977 1959 1
1978 1959 2
2000 1999 1
1980 1978 1
1961 1978 1
1980 1979 1
1978 1979 2
1955 1954 1
1979 1954 2
1955 1963 1
1967 1963 1
1954 1963 2
1957 1956 1
1963 1956 2
1973 1972 1
1978 1972 2
1968 1964 1
1974 1964 1
1978 1964 2
1971 1969 1
1964 1969 2
1971 1970 1
1978 1970 2
1990 1989 1
1978 1989 2
1974 1958 1
1959 1958 1
1978 1958 2
2040 2036 1
2039 2036 2
2040 2035 1
2039 2035 2
2021 2031 1
2027 2031 2
2023 2032 1
2022 2032 2
2007 2029 1
2024 2029 2
2035 2021 1
2036 2021 1
2021 2023 1
2024 2023 2
2021 2030 1
2024 2030 2
2021 2026 1
2032 2026 1
2031 2026 1
2030 2026 1
2023 2026 1
2024 2026 2
2007 2007 1
2035 2007 1
2036 2007 1
2024 2007 2
2021 2002 1
2006 2002 2
2029 2005 1
2007 2005 1
2024 2005 2
2026 2004 1
2005 2004 1
2024 2004 2
2021 2010 1
2033 2010 2
2033 2037 2
2035 2041 1
2036 2041 1
2034 2041 2
2034 2013 2
2013 2014 1
2012 2014 2
2013 2016 1
2012 2016 2
2040 2019 1
2034 2019 2
2021 2003 1
2025 2003 2
2021 2011 1
2018 2011 2
2019 2017 1
2018 2017 2
2040 2038 1
2040 2039 1
2035 2033 1
2036 2033 1
2021 2024 1
2033 2024 2
2030 2027 1
2024 2027 2
2023 2022 1
2031 2022 1
2030 2022 1
2024 2022 2
2032 2028 1
2031 2028 1
2030 2028 1
2024 2028 2
2007 2006 1
2024 2006 2
2010 2008 1
2033 2008 2
2035 2034 1
2036 2034 1
2033 2034 2
2013 2012 1
2034 2012 2
2021 2020 1
2034 2020 2
2019 2018 1
2034 2018 2
2021 2025 1
2018 2025 2
2003 2001 1
2025 2001 2
2011 2009 1
2018 2009 2
2017 2015 1
2018 2015 2
2059 2058 1
2057 2058 2
2056 2053 1
2055 2053 2
2058 2054 1
2055 2054 2
2057 2059 2
2058 2056 1
2061 2056 2
2059 2057 1
2058 2060 1
2057 2060 2
2058 2061 1
2057 2061 2
2052 2055 1
2056 2055 1
2061 2055 2
2072 2071 1
2070 2071 2
2075 2074 1
2073 2074 2
2070 2072 2
2076 2077 1
2077 2077 1
2070 2077 2
2076 2064 1
2071 2064 1
2070 2064 2
2064 2065 1
2077 2065 1
2070 2065 2
2065 2066 1
2069 2066 1
2070 2066 2
2066 2063 1
2070 2063 2
2073 2075 2
2077 2070 1
2072 2070 1
2063 2062 1
2070 2062 2
2063 2067 1
2070 2067 2
2075 2073 1
2065 2073 1
2070 2073 2
2074 2068 1
2066 2068 1
2064 2068 1
2073 2068 2
2080 2079 1
2078 2079 2
2078 2080 2
2080 2078 1
2079 2081 1
2078 2081 2
2086 2085 1
2084 2085 2
2084 2086 2
2086 2084 1
2085 2082 1
2084 2082 2
2085 2083 1
2084 2083 2
2108 2110 2
2110 2109 1
2108 2109 2
2089 2089 1
2090 2088 1
2089 2088 1
2092 2087 1
2091 2087 1
2090 2087 1
2089 2087 1
2117 2116 1
2121 2118 1
2116 2118 1
2117 2118 1
2122 2118 2
2118 2119 1
2116 2119 1
2117 2119 1
2121 2119 1
2117 2112 1
2121 2120 1
2112 2111 1
2116 2114 1
2117 2114 1
2121 2114 1
2116 2122 1
2117 2122 1
2118 2113 1
2122 2113 2
2118 2115 1
2121 2115 1
2122 2115 2
2125 2124 1
2123 2124 2
2125 2123 1
2126 2129 2
2128 2127 1
2126 2127 2
2128 2126 1
2131 2130 1
2132 2130 1
2136 2135 1
2134 2135 2
2135 2154 1
2141 2154 1
2134 2154 2
2135 2149 1
2134 2149 2
2149 2146 1
2148 2146 1
2135 2146 1
2134 2146 2
2146 2143 1
2145 2143 1
2144 2143 2
2135 2152 1
2153 2152 2
2135 2150 1
2153 2150 2
2135 2151 1
2144 2151 2
2139 2137 1
2138 2137 2
2141 2141 1
2134 2136 2
2155 2133 1
2134 2133 2
2135 2145 1
2148 2145 1
2134 2145 2
2145 2142 1
2134 2142 2
2141 2139 1
2151 2139 1
2150 2139 1
2152 2139 1
2149 2139 1
2148 2139 1
2147 2139 2
2141 2140 1
2141 2134 1
2136 2134 1
2146 2144 1
2145 2144 1
2134 2144 2
2154 2153 1
2144 2153 2
2151 2147 1
2150 2147 1
2152 2147 1
2149 2147 1
2148 2147 1
2139 2138 1
2147 2138 2
2160 2159 1
2157 2159 2
2157 2160 2
2157 2161 2
2159 2162 1
2162 2162 1
2157 2162 2
2161 2157 1
2160 2157 1
2162 2156 1
2157 2156 2
2159 2158 1
2157 2158 2
2166 2167 2
2167 2166 1
2168 2166 1
2163 2164 2
2164 2163 1
2165 2163 1
2214 2218 2
2215 2226 2
2226 2220 1
2217 2220 2
2228 2221 1
2217 2221 2
2220 2219 1
2217 2219 2
2221 2227 1
2217 2227 2
2218 2228 1
2217 2228 2
2222 2214 1
2222 2215 1
2226 2217 1
2218 2217 1
2224 2223 1
2227 2223 1
2226 2223 1
2219 2216 1
2218 2216 1
2225 2216 1
2180 2171 2
2173 2178 2
2178 2181 1
2170 2181 2
2183 2182 1
2170 2182 2
2181 2172 1
2170 2172 2
2182 2179 1
2170 2179 2
2171 2183 1
2170 2183 2
2174 2180 1
2174 2173 1
2178 2170 1
2171 2170 1
2179 2175 1
2178 2175 1
2176 2175 1
2172 2169 1
2171 2169 1
2177 2169 1
2233 2231 2
2236 2241 2
2241 2234 1
2230 2234 2
2243 2235 1
2230 2235 2
2234 2232 1
2230 2232 2
2235 2242 1
2230 2242 2
2231 2243 1
2230 2243 2
2237 2233 1
2237 2236 1
2241 2230 1
2231 2230 1
2242 2238 1
2241 2238 1
2239 2238 1
2240 2229 1
2232 2229 1
2231 2229 1
2185 2188 2
2184 2194 2
2194 2196 1
2187 2196 2
2198 2197 1
2187 2197 2
2196 2189 1
2187 2189 2
2197 2195 1
2187 2195 2
2188 2198 1
2187 2198 2
2190 2185 1
2190 2184 1
2188 2187 1
2194 2187 1
2192 2191 1
2195 2191 1
2194 2191 1
2189 2186 1
2188 2186 1
2193 2186 1
2210 2201 2
2203 2208 2
2208 2211 1
2200 2211 2
2213 2212 1
2200 2212 2
2211 2202 1
2200 2202 2
2212 2209 1
2200 2209 2
2201 2213 1
2200 2213 2
2204 2210 1
2204 2203 1
2208 2200 1
2201 2200 1
2209 2205 1
2208 2205 1
2206 2205 1
2207 2199 1
2202 2199 1
2201 2199 1
2251 2250 1
2249 2250 2
2258 2257 1
2250 2257 1
2267 2257 1
2249 2257 2
2257 2256 1
2258 2256 1
2260 2256 1
2259 2256 2
2256 2255 1
2258 2255 1
2244 2255 2
2252 2248 1
2247 2248 2
2268 2263 1
2265 2263 1
2247 2263 2
2263 2261 1
2247 2261 2
2269 2264 1
2261 2264 1
2263 2264 1
2265 2264 1
2253 2264 2
2264 2262 1
2265 2262 1
2245 2262 2
2246 2246 1
2267 2267 1
2258 2260 1
2267 2260 1
2249 2251 2
2255 2266 1
2256 2266 1
2258 2266 1
2267 2254 1
2255 2254 1
2256 2254 1
2258 2254 1
2247 2252 2
2267 2268 1
2255 2268 1
2256 2268 1
2258 2268 1
2248 2268 1
2247 2268 2
2267 2269 1
2255 2269 1
2256 2269 1
2258 2269 1
2254 2269 1
2253 2269 2
2260 2259 1
2260 2249 1
2251 2249 1
2259 2249 2
2246 2244 1
2254 2253 1
2254 2247 1
2252 2247 1
2253 2247 2
2246 2245 1
2337 2335 1
2333 2335 2
2349 2348 1
2346 2348 2
2338 2336 1
2334 2336 2
2336 2344 1
2340 2344 1
2347 2344 2
2344 2332 1
2347 2332 2
2336 2339 1
2347 2339 2
2339 2345 1
2340 2345 1
2342 2342 1
2333 2337 2
2348 2343 1
2349 2343 1
2334 2338 2
2342 2341 1
2337 2333 1
2335 2346 1
2333 2346 2
2338 2334 1
2336 2347 1
2334 2347 2
2321 2323 2
2323 2322 1
2321 2322 2
2325 2324 1
2327 2326 1
2329 2328 1
2331 2330 1
2380 2379 1
2378 2379 2
2378 2380 2
2381 2382 1
2383 2382 1
2383 2378 1
2380 2378 1
2379 2377 1
2378 2377 2
2396 2400 1
2395 2400 2
2398 2399 1
2395 2396 2
2398 2397 1
2396 2395 1
2398 2395 1
2408 2409 1
2407 2409 2
2402 2412 1
2413 2412 1
2403 2412 2
2402 2414 1
2403 2414 2
2407 2408 2
2410 2411 1
2403 2404 2
2413 2401 1
2403 2401 2
2401 2402 1
2403 2402 2
2406 2405 1
2408 2407 1
2410 2403 1
2404 2403 1
2415 2417 1
2416 2417 2
2415 2418 1
2418 2416 1
2444 2445 2
2444 2446 2
2445 2444 1
2446 2444 1
2445 2443 1
2444 2443 2
2440 2441 2
2440 2442 2
2441 2440 1
2442 2440 1
2448 2451 1
2447 2451 2
2449 2450 1
2447 2448 2
2449 2447 1
2448 2447 1
2460 2460 1
2460 2457 1
2457 2458 1
2460 2458 1
2458 2461 1
2460 2459 1
2455 2454 1
2453 2454 2
2454 2456 1
2453 2456 2
2453 2455 2
2454 2452 1
2453 2452 2
2455 2453 1
1510 1502 1
1510 1503 1
1501 1503 2
1508 1507 1
1506 1507 2
1511 1511 1
1506 1508 2
1510 1505 1
1506 1505 2
1511 1512 1
1504 1500 1
1502 1501 1
1510 1509 1
1511 1509 1
1501 1509 2
1508 1506 1
1505 1506 1
1527 1524 1
1527 1526 1
1525 1523 1
2427 2424 2
2427 2425 2
2433 2432 1
2431 2432 2
2423 2426 2
2425 2436 1
2424 2436 1
2423 2436 2
2431 2433 2
2438 2437 1
2431 2437 2
2434 2439 2
2429 2428 1
2423 2427 2
2436 2422 1
2423 2422 2
2435 2420 1
2423 2420 2
2435 2419 1
2433 2431 1
2437 2431 1
2432 2430 1
2438 2430 1
2431 2430 2
2435 2421 1
2421 2434 2
2467 2466 1
2465 2466 2
2462 2470 1
2465 2470 2
2468 2468 1
2464 2468 1
2463 2468 2
2468 2469 1
2463 2469 2
2465 2467 2
2466 2462 1
2464 2462 1
2465 2462 2
2464 2463 1
2464 2465 1
2468 2465 1
2467 2465 1
2463 2465 2
2471 2473 1
2473 2472 1
2474 2476 1
2475 2474 1
2102 2101 1
2100 2101 2
2105 2104 1
2103 2104 2
2100 2102 2
2107 2107 1
2106 2107 1
2100 2107 2
2106 2093 1
2101 2093 1
2100 2093 2
2107 2094 1
2093 2094 1
2100 2094 2
2094 2096 1
2097 2096 1
2100 2096 2
2103 2105 2
2107 2100 1
2102 2100 1
2096 2095 1
2100 2095 2
2096 2099 1
2100 2099 2
2094 2103 1
2105 2103 1
2100 2103 2
2104 2098 1
2093 2098 1
2096 2098 1
2103 2098 2
2279 2278 1
2271 2273 2
2275 2275 1
2275 2276 1
2274 2270 1
2272 2271 1
2275 2277 1
2271 2277 2
2281 2280 1
2320 2318 1
2319 2316 1
2318 2317 1
2307 2306 1
2307 2304 1
2304 2303 1
2306 2305 1
2294 2286 1
2288 2292 1
2284 2292 2
2289 2293 1
2283 2293 2
2293 2291 1
2292 2291 1
2294 2291 1
2294 2288 1
2284 2288 2
2294 2289 1
2283 2289 2
2287 2282 1
2294 2290 1
2286 2285 1
2286 2284 1
2285 2284 2
2286 2283 1
2284 2283 2
2315 2310 1
2312 2314 1
2315 2312 1
2311 2308 1
2315 2313 1
2310 2309 1
1736 1735 1
1734 1735 2
1735 1739 1
1734 1739 2
1737 1737 1
1737 1738 1
1734 1736 2
1737 1734 1
1736 1734 1
1746 1760 2
1743 1761 2
1745 1762 2
1754 1753 1
1752 1753 2
1766 1763 2
1757 1756 1
1755 1756 2
1742 1741 1
1740 1741 2
1770 1772 1
1752 1772 2
1759 1764 2
1747 1765 2
1743 1749 2
1745 1750 2
1750 1751 1
1745 1751 2
1751 1768 1
1750 1768 1
1745 1768 2
1747 1748 2
1748 1758 1
1758 1758 1
1747 1758 2
1758 1771 1
1747 1771 2
1752 1754 2
1752 1767 2
1753 1770 1
1748 1770 1
1752 1770 2
1770 1742 1
1769 1742 2
1755 1757 2
1744 1746 2
1746 1743 2
1743 1745 2
1745 1747 2
1754 1752 1
1758 1752 1
1747 1752 2
1767 1766 1
1752 1766 2
1770 1769 1
1752 1769 2
1753 1755 1
1757 1755 1
1769 1755 2
1742 1740 1
1756 1740 1
1771 1740 1
1755 1740 2
1763 1759 1
1747 1759 2
1773 1774 2
1899 1900 2
2355 2354 1
2353 2354 2
2363 2362 1
2353 2362 2
2370 2365 1
2367 2365 2
2362 2361 1
2363 2361 1
2353 2361 2
2370 2366 1
2368 2366 2
2354 2371 1
2360 2371 2
2360 2372 2
2371 2369 1
2360 2369 2
2373 2375 1
2352 2351 1
2350 2351 2
2357 2356 1
2350 2356 2
2366 2376 1
2365 2376 1
2364 2376 1
2356 2376 1
2350 2376 2
2353 2355 2
2373 2358 1
2353 2358 2
2369 2374 1
2370 2374 1
2350 2352 2
2369 2357 1
2370 2357 1
2350 2357 2
2358 2353 1
2355 2353 1
2362 2359 1
2363 2359 1
2353 2359 2
2370 2367 1
2364 2367 1
2359 2367 2
2361 2360 1
2362 2360 1
2363 2360 1
2353 2360 2
2370 2368 1
2365 2368 1
2364 2368 1
2360 2368 2
2352 2350 1
2369 2350 1
2370 2350 1
2391 2390 1
2388 2390 2
2388 2391 2
2393 2392 1
2388 2392 2
2384 2394 1
2386 2385 1
2391 2388 1
2392 2388 1
2392 2389 1
2390 2389 1
2388 2389 2
2390 2387 1
2393 2387 1
2388 2387 2
1529 1528 2
1514 1513 1
1497 1488 1
1497 1489 1
1487 1489 2
1495 1494 1
1493 1494 2
1498 1498 1
1497 1492 1
1493 1495 2
1497 1491 1
1493 1491 2
1498 1499 1
1490 1486 1
1488 1487 1
1497 1496 1
1498 1496 1
1487 1496 2
1491 1493 1
1495 1493 1
1522 1516 1
1518 1521 1
1521 1520 1
1522 1520 1
1522 1518 1
1517 1515 1
1522 1519 1
2298 2297 1
2300 2297 2
2297 2296 1
2298 2296 1
2300 2296 2
2301 2302 1
2300 2302 2
2299 2299 1
2299 2300 1
2301 2300 1
2297 2295 1
2298 2295 1
2300 2295 2
1733 1726 1
1732 1726 2
1723 1718 1
1722 1718 2
1721 1727 1
1730 1727 2
1731 1719 1
1730 1719 2
1726 1731 1
1728 1731 1
1718 1721 1
1720 1721 1
1733 1732 1
1723 1722 1
1718 1717 1
1720 1717 1
1726 1724 1
1728 1724 1
1717 1724 2
1726 1725 1
1728 1725 1
1717 1725 2
1721 1729 1
1731 1729 1
1731 1730 1
1721 1730 1
1729 1730 2
? 0 0 0

5 6 2
7 9 1
8 9 1
7 10 1
8 10 1
13 15 1
14 15 2
8 16 1
12 16 2
8 17 1
16 17 1
15 17 1
11 17 1
7 17 1
16 18 1
15 18 1
11 18 1
7 18 1
8 18 1
19 20 1
7 20 1
8 20 1
7 21 1
8 21 1
19 21 1
7 24 1
8 24 1
22 24 1
22 25 1
7 25 1
8 25 1
6 28 1
4 28 1
25 28 1
20 28 1
17 28 1
10 28 1
1 28 1
24 28 1
21 28 1
18 28 1
9 28 1
2 28 1
0 28 1
26 28 2
24 29 1
21 29 1
18 29 1
9 29 1
2 29 1
6 29 1
4 29 1
25 29 1
20 29 1
17 29 1
10 29 1
1 29 1
3 29 1
0 29 1
26 29 2
0 3 1
0 4 1
0 7 1
12 13 2
29 30 1
28 30 1
4 5 1
13 14 1
12 14 2
22 23 1
0 26 1
6 27 1
4 27 1
26 27 2
31 32 2
? 0 0 0

7 9 1
8 9 2
1 11 1
10 11 1
6 11 2
7 13 1
12 13 2
7 14 1
12 14 2
10 15 1
9 15 1
4 15 1
7 15 1
14 15 1
13 15 1
6 15 2
15 16 1
6 16 2
9 19 1
4 19 1
17 19 2
0 2 1
0 5 1
6 5 2
5 7 1
6 7 2
7 10 1
6 10 2
2 18 1
17 18 2
5 6 1
3 8 1
6 8 2
6 12 2
11 17 1
1 17 1
20 21 1
20 22 1
26 28 1
27 28 2
34 36 1
33 36 2
30 37 1
27 37 2
36 38 1
32 38 1
27 38 2
20 26 1
27 26 2
28 29 1
27 29 2
27 30 2
20 31 1
28 31 1
27 31 2
31 32 1
24 32 1
28 32 1
23 32 1
29 32 1
25 32 1
30 32 1
27 32 2
29 34 1
33 34 2
26 27 1
32 33 1
27 33 2
31 35 1
33 35 2
? 0 0 0

3 5 1
4 5 2
3 6 1
8 12 1
10 12 1
11 12 2
8 20 1
19 20 1
15 20 1
18 20 2
21 22 2
2 3 1
3 7 1
6 8 1
0 8 1
3 8 1
8 10 1
9 10 2
12 14 1
13 14 2
14 15 1
8 15 1
13 15 2
8 17 1
14 17 1
16 17 2
17 19 1
18 19 2
3 4 1
7 9 1
10 11 1
9 11 2
12 13 1
11 13 2
15 16 1
13 16 2
17 18 1
16 18 2
20 21 1
7 21 1
8 23 1
22 24 1
20 24 1
7 24 1
23 24 2
6 25 1
0 25 1
5 26 1
1 26 1
30 32 1
31 32 2
44 47 1
43 47 1
46 47 2
48 49 2
28 50 2
50 52 1
43 52 1
28 52 2
53 54 2
50 56 1
43 56 1
54 56 1
55 56 2
52 57 1
51 57 1
53 57 2
58 59 2
28 60 2
28 61 2
28 62 2
65 66 2
28 67 2
67 68 1
62 68 1
61 68 1
60 68 1
50 68 1
43 68 1
28 68 2
28 69 2
70 71 2
28 78 2
28 29 2
31 30 2
36 37 2
28 40 2
40 41 1
28 41 2
28 43 2
28 44 2
28 45 2
28 51 2
62 63 1
61 63 1
60 63 1
50 63 1
43 63 1
28 63 2
28 64 2
27 80 1
28 80 2
27 28 1
30 31 1
28 31 2
32 33 1
31 33 2
28 34 2
28 35 2
28 36 2
37 38 1
36 38 2
28 39 2
41 42 1
40 42 1
28 42 2
44 46 1
28 46 2
47 48 1
45 48 1
28 48 2
52 53 1
51 53 1
28 53 2
54 55 1
53 55 2
57 58 1
56 58 1
49 58 1
47 58 1
45 58 1
28 58 2
63 65 1
28 65 2
68 70 1
63 70 1
28 70 2
28 72 2
72 73 2
28 74 2
28 75 2
75 76 2
28 77 2
28 79 2
80 81 1
28 81 2
? 1 1 1

0 1 1
0 2 1
2 3 1
2 5 1
5 7 1
10 11 2
14 16 1
15 16 2
18 20 1
19 20 2
24 26 1
25 26 2
26 27 1
25 27 2
23 28 1
3 4 1
5 6 1
5 8 1
12 13 1
15 14 2
16 17 1
15 17 2
19 18 2
8 21 1
22 23 1
25 24 2
9 10 1
14 15 1
18 19 1
24 25 1
22 25 1
30 33 1
32 33 2
31 35 1
32 35 2
38 39 1
36 39 2
29 37 1
36 37 2
37 38 1
36 38 2
30 32 1
33 34 1
32 34 2
29 36 1
? 0 0 0

6 8 1
7 8 2
1 2 1
0 4 1
4 6 1
5 6 2
2 3 1
4 5 1
6 7 1
5 7 2
? 0 0 0

