8 11 1
7 12 1
9 13 1
8 14 1
7 15 1
7 8 1
8 9 1
9 10 1
1 4 1
1 5 1
0 6 1
0 1 1
1 2 1
1 3 1
? 0 0 0

0 1 2
1 2 1
0 2 2
? 0 0 0

1 2 1
0 2 1
1 4 1
3 4 1
2 4 1
4 5 1
7 8 1
6 8 1
8 10 1
7 10 1
9 10 1
10 11 1
? 0 0 0

2 4 1
3 4 2
0 1 1
2 3 1
4 5 1
3 5 2
4 6 1
5 6 2
2 7 1
? 0 0 0

0 1 1
2 6 1
5 6 2
3 4 1
? 0 0 0

7 8 1
6 8 2
3 10 1
9 10 2
0 1 1
3 5 1
4 5 2
5 7 1
6 7 2
3 4 1
5 6 1
4 6 2
8 9 1
2 9 1
11 13 1
12 13 1
12 14 1
13 15 1
14 15 1
15 16 1
17 18 1
20 21 1
19 21 1
20 22 1
22 23 1
21 23 1
23 24 1
25 26 1
? 0 0 0

0 1 2
1 2 1
0 2 2
2 3 2
? 0 0 0

0 1 1
20 21 1
27 28 1
5 6 2
5 7 2
9 10 2
10 12 1
11 12 2
12 13 1
11 13 2
8 9 1
10 11 1
9 11 2
2 3 2
2 4 2
14 15 2
14 16 2
17 18 2
17 19 2
22 23 1
23 24 1
25 26 2
24 25 1
29 31 1
30 31 2
29 32 1
30 32 2
32 33 1
31 33 1
34 35 2
33 34 1
? 0 0 0

7 6 2
6 4 1
7 4 2
7 5 2
5 8 1
4 8 1
3 10 2
8 0 1
10 0 1
3 0 2
8 1 1
3 1 2
10 9 1
3 9 2
9 2 2
14 22 1
13 22 2
13 39 2
39 23 1
13 23 2
12 51 1
49 51 2
30 29 1
28 29 2
23 12 1
22 12 1
17 12 2
12 52 1
17 52 2
39 31 1
40 31 1
17 31 2
23 16 1
22 16 1
39 16 1
40 16 1
31 16 1
17 16 2
12 54 1
31 54 1
16 54 1
17 54 2
23 37 1
22 37 1
19 37 2
37 42 1
19 42 2
37 33 1
19 33 2
33 50 1
32 50 2
12 15 1
49 15 2
52 53 1
33 53 1
49 53 2
23 36 1
22 36 1
18 36 2
23 46 1
22 46 1
21 46 2
46 27 1
43 27 2
52 47 1
23 47 1
22 47 1
26 47 2
47 38 1
12 38 1
26 38 2
27 55 1
26 55 2
55 34 1
52 34 1
26 34 2
46 59 1
45 59 2
23 48 1
22 48 1
52 48 1
57 48 2
12 41 1
48 41 1
57 41 2
59 35 1
52 35 1
57 35 2
46 58 1
44 58 2
23 60 1
22 60 1
20 60 2
17 11 2
28 30 2
14 13 1
23 17 1
22 17 1
23 19 1
22 19 1
17 19 2
42 32 1
33 32 1
19 32 2
50 49 1
32 49 2
23 18 1
22 18 1
19 18 2
23 21 1
22 21 1
18 21 2
46 43 1
21 43 2
27 26 1
43 26 2
27 25 1
23 25 1
22 25 1
26 25 2
46 45 1
43 45 2
59 57 1
45 57 2
59 56 1
23 56 1
22 56 1
57 56 2
46 44 1
45 44 2
23 20 1
22 20 1
21 20 2
17 24 2
30 28 1
24 28 2
62 63 2
62 64 2
64 65 1
63 65 1
64 61 1
63 61 1
66 67 1
551 549 1
551 550 1
544 540 1
536 540 1
540 535 1
540 551 1
535 551 1
551 548 1
548 545 1
537 541 1
549 546 1
538 542 1
550 547 1
539 543 1
508 506 1
508 507 1
501 497 1
493 497 1
497 492 1
492 508 1
497 508 1
508 505 1
505 502 1
494 498 1
506 503 1
495 499 1
507 504 1
496 500 1
510 512 1
514 512 1
512 509 1
509 517 1
512 517 1
517 516 1
516 515 1
511 513 1
534 532 1
534 533 1
519 523 1
527 523 1
523 518 1
523 534 1
518 534 1
534 531 1
531 528 1
520 524 1
532 529 1
521 525 1
533 530 1
522 526 1
274 271 1
274 272 1
274 273 1
265 260 1
255 260 1
260 254 1
260 274 1
254 274 1
274 270 1
270 266 1
256 261 1
271 267 1
257 262 1
272 268 1
258 263 1
273 269 1
259 264 1
299 295 1
299 296 1
299 297 1
299 298 1
276 282 1
288 282 1
282 275 1
282 299 1
275 299 1
299 294 1
294 289 1
277 283 1
295 290 1
278 284 1
296 291 1
279 285 1
297 292 1
280 286 1
298 293 1
281 287 1
337 334 1
337 335 1
337 336 1
318 323 1
328 323 1
323 317 1
317 337 1
323 337 1
337 333 1
333 329 1
319 324 1
334 330 1
320 325 1
335 331 1
321 326 1
336 332 1
322 327 1
316 314 1
316 315 1
309 305 1
301 305 1
305 300 1
300 316 1
305 316 1
316 313 1
313 310 1
302 306 1
314 311 1
303 307 1
315 312 1
304 308 1
356 359 1
357 360 1
361 364 1
355 358 1
362 358 1
358 354 1
354 363 1
358 363 1
346 345 1
344 345 2
353 352 1
345 352 1
344 352 2
347 342 1
340 342 1
342 339 1
342 350 1
339 350 1
350 349 1
349 348 1
341 343 1
349 338 1
338 353 1
353 351 1
344 346 2
351 344 1
346 344 1
456 455 1
451 448 1
445 448 1
448 444 1
448 456 1
444 456 1
456 454 1
454 452 1
446 449 1
455 453 1
447 450 1
440 438 1
436 438 1
438 435 1
438 443 1
435 443 1
443 442 1
442 441 1
437 439 1
417 416 1
412 409 1
406 409 1
409 405 1
409 417 1
405 417 1
417 415 1
415 413 1
407 410 1
416 414 1
408 411 1
391 390 1
386 383 1
380 383 1
383 379 1
383 391 1
379 391 1
391 389 1
389 387 1
381 384 1
390 388 1
382 385 1
404 403 1
393 396 1
399 396 1
396 392 1
392 404 1
396 404 1
404 402 1
402 400 1
394 397 1
403 401 1
395 398 1
434 432 1
434 433 1
419 423 1
427 423 1
423 418 1
418 434 1
423 434 1
434 431 1
431 428 1
420 424 1
432 429 1
421 425 1
433 430 1
422 426 1
80 79 1
75 72 1
69 72 1
72 68 1
72 80 1
68 80 1
80 78 1
78 76 1
70 73 1
79 77 1
71 74 1
154 153 1
149 146 1
143 146 1
146 142 1
146 154 1
142 154 1
154 152 1
152 150 1
144 147 1
153 151 1
145 148 1
167 166 1
156 159 1
162 159 1
159 155 1
159 167 1
155 167 1
167 165 1
165 163 1
157 160 1
166 164 1
158 161 1
209 208 1
204 201 1
198 201 1
201 197 1
201 209 1
197 209 1
209 207 1
207 205 1
199 202 1
208 206 1
200 203 1
173 171 1
169 171 1
171 168 1
171 176 1
168 176 1
176 175 1
175 174 1
170 172 1
193 191 1
189 191 1
191 188 1
188 196 1
191 196 1
196 195 1
195 194 1
190 192 1
183 182 1
184 180 1
178 180 1
180 177 1
180 187 1
177 187 1
187 186 1
186 185 1
179 181 1
241 239 1
237 239 1
239 236 1
236 244 1
239 244 1
244 243 1
243 242 1
238 240 1
222 221 1
211 214 1
217 214 1
214 210 1
214 222 1
210 222 1
222 220 1
220 218 1
212 215 1
221 219 1
213 216 1
235 234 1
230 227 1
224 227 1
227 223 1
227 235 1
223 235 1
235 233 1
233 231 1
225 228 1
234 232 1
226 229 1
93 92 1
88 85 1
82 85 1
85 81 1
81 93 1
85 93 1
93 91 1
91 89 1
83 86 1
92 90 1
84 87 1
106 105 1
95 98 1
101 98 1
98 94 1
94 106 1
98 106 1
106 104 1
104 102 1
96 99 1
105 103 1
97 100 1
119 118 1
108 111 1
114 111 1
111 107 1
107 119 1
111 119 1
119 117 1
117 115 1
109 112 1
118 116 1
110 113 1
141 140 1
136 133 1
130 133 1
133 129 1
133 141 1
129 141 1
141 139 1
139 137 1
131 134 1
140 138 1
132 135 1
121 123 1
125 123 1
123 120 1
123 128 1
120 128 1
128 127 1
127 126 1
122 124 1
367 369 1
366 368 1
370 368 1
368 365 1
368 371 1
365 371 1
374 376 1
377 375 1
373 375 1
375 372 1
372 378 1
375 378 1
487 489 1
486 488 1
490 488 1
488 485 1
488 491 1
485 491 1
589 591 1
592 590 1
588 590 1
590 587 1
590 593 1
587 593 1
580 583 1
581 584 1
585 582 1
579 582 1
582 578 1
582 586 1
578 586 1
596 599 1
597 600 1
601 598 1
595 598 1
598 594 1
594 602 1
598 602 1
480 482 1
483 481 1
479 481 1
481 478 1
481 484 1
478 484 1
466 468 1
465 467 1
469 467 1
467 464 1
464 470 1
467 470 1
473 475 1
476 474 1
472 474 1
474 471 1
471 477 1
474 477 1
459 461 1
458 460 1
462 460 1
460 457 1
460 463 1
457 463 1
247 250 1
248 251 1
246 249 1
252 249 1
249 245 1
245 253 1
249 253 1
554 558 1
555 559 1
556 560 1
553 557 1
561 557 1
557 552 1
552 563 1
557 563 1
563 562 1
566 570 1
567 571 1
568 572 1
573 569 1
565 569 1
569 564 1
564 577 1
569 577 1
577 576 1
577 574 1
577 575 1
? 1 1 1

10 14 1
0 3 1
1 5 1
6 7 1
6 8 1
7 9 1
4 10 1
6 11 1
4 12 1
10 12 1
10 13 1
14 15 1
2 15 1
17 18 2
16 21 1
19 21 2
19 20 2
16 17 1
17 19 2
21 22 1
19 22 2
18 23 1
16 23 1
24 25 1
? 1 1 1

0 1 1
3 6 1
5 6 2
2 7 1
6 7 1
5 7 2
10 13 1
12 13 2
5 3 2
4 4 1
2 4 1
5 4 2
7 8 1
8 8 1
5 8 2
12 10 2
8 11 1
4 11 1
12 11 2
4 5 1
3 5 1
8 9 1
4 9 1
5 9 2
10 12 1
11 12 1
9 12 2
13 14 1
8 14 1
12 14 2
38 43 1
39 43 1
42 43 2
38 45 1
44 45 2
45 48 1
38 48 1
47 48 2
38 40 1
39 40 1
45 46 1
38 46 1
45 49 1
38 49 1
48 49 1
46 49 1
40 41 1
38 42 1
41 42 2
43 44 1
40 44 1
41 44 2
45 47 1
38 47 1
46 47 1
50 58 1
57 58 2
50 60 1
56 60 2
60 63 1
50 63 1
62 63 1
61 63 2
65 66 2
58 68 1
55 68 1
67 68 2
60 70 1
50 70 1
61 70 2
52 53 2
50 55 1
61 62 2
50 51 1
53 54 1
52 54 2
55 56 1
50 57 1
56 57 2
58 59 1
55 59 1
56 59 2
60 61 1
50 61 1
63 64 1
61 64 2
60 65 1
50 65 1
64 65 2
60 67 1
50 67 1
62 67 1
65 67 2
68 69 1
66 69 1
63 69 1
61 69 2
15 19 1
18 19 2
20 21 2
21 28 1
27 28 2
31 33 1
32 33 2
33 34 1
29 34 1
32 34 2
34 37 1
36 37 2
16 17 2
23 24 2
32 31 2
15 16 1
17 18 1
16 18 2
21 22 1
20 22 2
22 23 2
24 25 1
23 25 2
21 26 1
25 26 2
24 27 1
25 27 2
29 30 1
29 32 1
31 32 1
34 35 1
32 35 2
35 36 2
? 0 0 0

4 5 2
7 8 2
9 10 2
10 12 1
5 12 1
11 12 2
26 27 2
30 31 1
29 31 2
30 33 1
29 33 2
42 45 1
44 45 2
46 48 1
47 48 2
29 51 2
26 60 2
63 64 1
62 64 2
62 67 2
62 73 2
12 76 1
5 76 1
75 76 2
62 77 2
2 6 2
29 30 2
35 39 2
35 40 2
40 41 1
35 41 2
44 42 2
39 43 1
44 43 2
47 46 2
62 63 2
1 2 2
2 3 2
3 4 2
6 7 1
2 7 2
7 9 2
5 11 1
9 11 2
6 13 1
7 13 2
0 14 1
2 14 2
0 15 1
1 15 2
17 18 1
16 18 1
16 19 1
17 19 1
18 19 2
20 21 1
22 23 1
24 25 1
22 25 1
27 28 1
24 28 1
22 28 1
26 28 2
26 29 2
31 32 1
29 32 2
33 34 1
29 34 2
0 35 1
29 35 2
35 36 2
30 37 1
36 37 2
30 38 1
36 38 2
43 44 1
42 44 1
35 44 2
41 47 1
46 47 1
44 47 2
48 49 1
45 49 1
39 49 1
40 49 1
47 49 2
29 50 2
51 52 1
29 52 2
29 53 2
0 54 1
29 54 2
54 55 2
55 56 2
55 57 2
26 58 2
0 59 1
58 59 2
60 61 1
24 61 1
22 61 1
26 61 2
26 62 2
64 65 1
62 65 2
63 66 1
62 66 2
67 68 1
62 68 2
0 69 1
62 69 2
69 70 2
63 71 1
70 71 2
63 72 1
70 72 2
73 74 1
62 74 2
74 75 2
77 78 1
62 78 2
? 0 0 0

44 45 1
40 45 1
45 47 1
42 47 1
46 47 2
50 52 1
37 52 1
51 52 2
49 53 1
51 53 2
56 58 1
56 59 1
58 59 1
67 69 1
68 69 2
75 78 1
76 78 1
61 78 1
65 78 1
74 78 2
53 82 1
36 82 1
81 82 2
52 83 1
37 83 1
81 83 2
78 85 1
79 85 2
56 88 1
83 88 1
55 88 1
53 89 1
36 89 1
52 90 1
37 90 1
88 91 1
39 40 1
36 41 1
41 42 1
40 42 1
41 49 1
49 50 1
41 50 1
47 54 1
42 54 1
54 55 1
53 55 1
36 55 1
38 56 1
55 56 1
56 57 1
55 63 1
48 63 1
56 64 1
63 67 1
68 67 2
56 70 1
69 70 1
68 70 2
70 71 1
68 71 2
70 72 1
68 72 2
69 75 1
56 75 1
74 75 2
71 76 1
59 76 1
74 76 2
42 43 1
45 46 1
50 51 1
64 68 1
67 68 1
72 73 1
68 73 2
60 74 1
68 74 2
76 77 1
74 77 2
56 79 1
63 79 1
72 79 1
71 79 1
69 79 1
74 79 2
78 80 1
79 80 2
48 81 1
80 81 2
66 84 1
81 84 2
78 86 1
62 86 1
68 86 2
78 87 1
62 87 1
86 87 2
92 93 1
94 98 1
96 98 2
99 100 2
98 101 1
99 101 2
97 102 1
101 102 1
100 102 1
96 102 2
94 97 1
96 97 2
94 95 1
98 99 1
96 99 2
103 107 1
105 107 2
108 109 2
107 110 1
108 110 2
106 111 1
110 111 1
109 111 1
105 111 2
103 106 1
105 106 2
103 104 1
107 108 1
105 108 2
0 1 2
0 2 2
0 3 2
0 4 2
0 5 2
0 6 2
0 7 2
0 8 2
0 9 2
0 10 2
0 11 2
0 12 2
0 13 2
0 14 2
0 15 2
0 16 2
0 17 2
0 18 2
0 19 2
0 20 2
0 21 2
0 22 2
0 23 2
0 24 2
0 25 2
0 26 2
0 27 2
0 28 2
0 29 2
0 30 2
0 31 2
0 32 2
0 33 2
0 34 2
0 35 2
167 168 2
167 169 2
169 172 1
171 172 2
172 174 1
169 174 1
173 174 2
153 154 2
154 155 1
153 155 2
153 156 2
155 157 1
156 157 1
153 157 2
156 158 1
153 158 2
156 159 1
153 159 2
153 166 2
151 170 1
146 170 1
149 170 1
150 170 1
152 170 1
157 160 1
153 160 2
159 161 1
153 161 2
158 162 1
161 162 2
159 163 1
162 163 2
157 164 1
153 164 2
157 165 1
153 165 2
166 167 1
153 167 2
147 171 1
148 173 1
180 182 1
181 182 2
183 184 2
184 187 1
183 187 2
188 189 2
189 190 1
188 190 2
180 181 1
182 183 1
181 183 2
183 185 2
184 186 1
185 186 2
187 188 1
183 188 2
190 191 1
187 191 1
188 191 2
114 119 2
119 123 1
121 123 2
124 126 1
125 126 2
126 127 1
112 127 1
128 129 2
127 130 1
124 130 1
128 130 2
131 132 2
133 134 2
138 139 2
137 140 1
136 140 2
137 143 1
136 143 2
135 145 1
114 115 2
114 117 2
114 118 2
121 122 2
112 124 1
130 137 1
126 137 1
112 137 1
136 137 2
113 114 2
115 116 1
112 116 1
114 116 2
120 121 2
136 138 2
136 141 2
136 142 2
136 144 2
175 176 1
176 178 1
177 178 2
176 177 1
178 179 1
177 179 2
192 193 1
193 194 1
192 194 1
198 200 1
199 200 1
197 200 2
202 203 2
201 204 1
202 204 2
205 206 2
195 198 1
197 198 2
196 199 1
197 199 2
195 197 1
? 0 0 0

