3 4 1
10 12 1
1 2 1
0 2 1
2 3 1
4 5 1
5 6 1
6 7 1
7 7 1
7 8 1
8 9 1
10 10 1
9 10 1
10 11 1
? 1 1 1

0 1 1
1 2 1
? 0 0 0

3 9 1
8 9 2
3 10 1
14 16 1
12 16 1
15 16 2
12 24 1
23 24 1
19 24 1
22 24 2
25 26 2
2 3 1
3 5 1
4 6 1
5 6 1
4 7 1
5 7 1
3 11 1
10 12 1
0 12 1
3 12 1
12 14 1
13 14 2
16 18 1
17 18 2
12 19 1
18 19 1
17 19 2
12 21 1
18 21 1
20 21 2
21 23 1
22 23 2
3 8 1
11 13 1
14 15 1
13 15 2
16 17 1
15 17 2
19 20 1
17 20 2
21 22 1
20 22 2
24 25 1
11 25 1
12 27 1
26 28 1
24 28 1
11 28 1
27 28 2
10 29 1
0 29 1
9 30 1
1 30 1
? 0 0 0

1 4 1
3 4 2
4 5 1
3 5 2
9 10 2
3 1 2
3 2 2
2 3 1
1 3 1
0 3 2
4 6 1
3 6 2
7 8 1
8 9 2
? 1 1 1

2 0 1
1 0 1
4 3 1
6 5 1
85 93 1
84 93 2
87 88 1
86 88 2
89 92 2
87 91 1
92 91 1
89 91 2
85 82 1
85 84 1
85 83 1
84 83 2
87 86 1
83 86 2
83 89 2
91 90 1
89 90 2
9 10 2
8 7 1
80 79 2
80 81 2
51 50 1
74 73 1
78 77 1
54 55 2
70 61 1
67 61 2
63 72 2
72 66 1
68 66 2
63 71 2
62 56 1
71 56 1
69 56 2
61 57 1
60 57 1
59 57 1
66 58 1
65 58 1
64 58 1
63 70 2
63 62 2
70 67 1
63 67 2
72 68 1
63 68 2
71 69 1
63 69 2
76 75 1
53 52 1
17 19 2
16 14 1
17 14 2
17 18 2
16 15 1
15 17 2
13 11 1
12 11 2
13 12 1
44 43 1
42 43 2
43 41 1
45 41 1
42 41 2
46 45 1
45 40 1
42 44 2
44 42 1
40 42 1
37 36 1
35 36 2
38 34 1
36 34 1
35 34 2
39 38 1
38 33 1
35 37 2
37 35 1
33 35 1
26 25 1
24 25 2
23 21 1
25 21 1
24 21 2
20 22 1
21 22 1
24 22 2
24 26 2
25 20 1
24 20 2
26 24 1
32 31 1
30 31 2
31 27 1
29 27 1
28 27 1
30 27 2
30 32 2
29 30 1
32 30 1
48 47 1
48 49 1
47 49 2
? 0 0 0

3 4 1
4 5 1
0 1 1
1 2 1
9 11 1
10 11 2
11 12 1
9 12 1
8 12 2
8 9 2
6 7 1
6 8 1
8 10 2
13 19 1
16 19 2
13 22 1
19 22 1
21 22 2
19 24 1
13 24 1
23 24 2
19 26 1
13 26 1
25 26 2
30 31 1
28 31 2
16 17 2
15 18 1
17 18 1
16 18 2
19 27 1
26 27 1
24 27 1
22 27 1
15 27 1
13 27 1
16 27 2
28 29 2
30 30 1
29 30 1
28 30 2
13 14 1
15 16 1
19 20 1
16 20 2
16 21 2
22 23 1
15 23 1
16 23 2
24 25 1
22 25 1
15 25 1
16 25 2
27 28 1
18 28 1
16 28 2
? 1 1 1

6 7 1
7 8 1
7 9 1
0 1 1
1 2 1
1 3 1
4 5 1
? 1 1 1

1 4 1
2 4 2
0 1 2
0 2 2
2 3 2
? 0 0 0

1 2 2
0 1 1
? 1 1 1

0 1 2
20 14 1
19 14 1
11 14 2
20 15 1
19 15 1
25 15 2
15 13 1
25 13 2
12 23 2
12 24 2
12 22 2
12 18 2
5 6 2
5 17 2
5 21 2
12 9 2
12 3 2
12 4 2
5 7 2
6 8 1
5 8 2
16 2 2
11 25 2
12 5 2
21 16 1
5 16 2
16 26 2
26 10 2
40 34 1
38 34 1
41 34 2
39 33 1
41 33 2
36 28 2
33 31 1
34 31 1
32 31 1
37 31 2
30 27 2
32 38 1
35 38 2
41 40 2
41 39 2
33 29 1
34 29 1
32 29 1
35 41 2
36 37 2
43 46 1
44 46 2
46 42 1
45 42 1
44 43 2
45 44 1
95 91 1
90 91 1
94 91 2
91 73 1
90 73 1
80 73 1
96 73 2
91 100 1
90 100 1
96 100 2
80 74 1
89 74 1
98 74 2
80 75 1
77 75 1
93 75 1
97 75 2
69 68 1
67 68 2
93 102 1
68 102 1
67 102 2
100 62 1
99 62 1
72 62 2
72 60 2
72 56 2
79 52 2
80 53 1
79 53 2
79 57 2
72 49 2
100 81 1
99 81 1
72 81 2
72 85 2
72 83 2
66 48 1
70 48 2
100 61 1
99 61 1
70 61 2
70 59 2
70 55 2
78 51 2
80 54 1
78 54 2
78 58 2
70 50 2
100 82 1
99 82 1
70 82 2
70 86 2
70 84 2
96 90 2
96 95 2
98 89 2
97 93 2
80 77 1
93 77 1
97 77 2
71 103 2
67 69 2
80 64 1
72 64 2
80 87 1
72 87 2
65 66 2
80 63 1
70 63 2
80 88 1
66 88 1
70 88 2
99 96 1
95 94 1
96 94 2
99 98 1
96 98 2
99 97 1
98 97 2
75 71 1
97 71 2
103 101 1
71 101 2
80 67 1
69 67 1
103 67 1
101 67 2
102 47 1
103 47 1
71 47 2
47 92 2
75 72 1
74 72 1
73 72 1
76 72 1
65 72 2
80 79 1
72 79 2
75 70 1
74 70 1
73 70 1
76 70 1
65 70 2
80 78 1
70 78 2
105 110 2
104 109 1
108 109 1
106 109 2
107 108 1
106 108 2
107 104 1
106 104 2
107 105 1
107 106 1
105 106 2
115 114 1
113 114 2
115 112 1
113 112 2
112 117 1
111 117 2
115 113 1
112 111 1
113 111 2
117 116 1
111 116 2
260 259 1
120 121 2
138 139 1
134 139 2
139 140 1
146 140 2
140 126 1
139 126 1
122 126 2
140 141 1
139 141 1
122 141 2
141 128 1
140 128 1
139 128 1
122 128 2
141 142 1
140 142 1
139 142 1
122 142 2
142 130 1
141 130 1
140 130 1
139 130 1
122 130 2
142 143 1
141 143 1
140 143 1
139 143 1
122 143 2
143 132 1
142 132 1
141 132 1
140 132 1
139 132 1
122 132 2
143 144 1
142 144 1
141 144 1
140 144 1
139 144 1
122 144 2
131 135 1
127 135 1
129 135 1
125 135 1
122 135 2
137 145 1
122 145 2
124 147 2
138 137 1
134 137 2
123 133 2
136 134 1
138 134 1
139 146 1
134 146 2
127 122 1
129 122 1
140 122 1
139 122 1
131 122 1
125 122 1
134 122 2
133 124 1
123 124 2
241 244 2
242 245 2
158 205 2
182 185 2
185 186 1
182 186 2
187 183 1
160 207 1
159 203 1
188 246 1
243 246 2
156 204 2
162 209 2
209 232 1
162 232 2
163 210 2
149 250 2
164 211 2
211 233 1
164 233 2
165 212 2
212 234 1
165 234 2
166 213 2
167 214 2
150 257 2
168 215 2
170 217 2
192 252 2
169 216 2
190 253 2
171 218 2
218 235 1
171 235 2
172 221 2
151 251 2
173 222 2
152 256 2
174 223 2
153 254 2
177 226 2
226 236 1
177 236 2
175 224 2
224 237 1
175 237 2
176 225 2
225 238 1
176 238 2
178 227 2
227 239 1
178 239 2
179 228 2
154 258 2
180 229 2
191 255 2
249 248 2
249 194 2
181 230 2
230 240 1
181 240 2
230 195 1
229 195 1
228 195 1
227 195 1
225 195 1
224 195 1
226 195 1
223 195 1
222 195 1
221 195 1
218 195 1
216 195 1
217 195 1
215 195 1
214 195 1
213 195 1
212 195 1
211 195 1
210 195 1
209 195 1
219 195 1
155 195 2
157 220 2
157 231 2
148 184 2
148 161 2
158 196 2
158 242 2
156 197 2
156 243 2
163 149 2
163 164 2
165 166 2
167 150 2
168 198 2
168 189 2
168 199 2
170 192 2
170 169 2
169 190 2
169 171 2
172 151 2
173 152 2
174 153 2
174 177 2
177 175 2
175 176 2
176 178 2
179 154 2
180 206 2
206 191 2
206 247 2
247 193 2
193 200 2
258 249 1
254 249 1
256 249 1
251 249 1
253 249 1
252 249 1
257 249 1
250 249 1
247 249 2
247 201 2
180 181 2
230 208 1
229 208 1
228 208 1
227 208 1
225 208 1
224 208 1
226 208 1
223 208 1
222 208 1
221 208 1
218 208 1
216 208 1
217 208 1
215 208 1
214 208 1
213 208 1
212 208 1
211 208 1
210 208 1
209 208 1
219 208 1
208 155 2
208 157 2
157 202 2
119 118 1
270 267 1
266 267 2
269 268 1
266 268 2
265 264 1
263 264 2
274 275 2
271 276 1
262 276 2
268 277 1
267 277 1
273 277 2
266 270 2
266 269 2
263 265 2
275 271 1
273 271 2
272 261 2
265 263 1
261 263 2
264 273 1
263 273 2
273 278 2
273 274 2
271 262 1
273 262 2
279 280 2
323 324 2
324 315 1
326 321 2
325 316 2
286 287 2
286 305 2
307 308 2
283 288 2
283 322 2
283 311 2
307 303 2
308 309 1
307 309 2
284 289 2
311 314 1
284 314 2
311 312 1
284 312 2
307 304 2
309 310 1
308 310 1
307 310 2
285 290 2
312 313 1
311 313 1
285 313 2
298 318 2
299 320 2
318 317 1
296 317 2
296 319 2
281 306 2
281 282 2
286 291 2
307 297 2
307 302 2
283 292 2
284 293 2
285 294 2
285 300 2
296 301 2
307 283 2
307 284 2
307 285 2
285 298 2
298 299 2
318 295 1
320 296 1
295 296 2
415 413 1
411 413 2
416 414 1
412 414 2
411 415 2
413 418 1
411 418 2
412 416 2
412 419 2
419 417 1
412 417 2
415 411 1
418 408 1
411 408 2
418 409 1
410 409 1
408 409 2
416 412 1
417 407 1
412 407 2
334 333 1
332 333 2
335 335 1
332 334 2
333 331 1
332 331 2
335 332 1
334 332 1
331 336 1
332 336 2
538 537 1
536 537 2
540 546 1
537 546 1
545 546 2
539 548 1
535 548 2
548 547 1
535 547 2
537 542 1
540 542 1
541 542 2
540 544 1
539 544 1
535 544 2
544 543 1
535 543 2
536 538 2
537 539 1
536 539 2
538 536 1
540 536 1
539 535 1
536 535 2
535 545 2
535 541 2
329 328 1
327 328 2
329 330 1
329 327 1
499 498 1
497 498 2
499 497 1
377 355 2
406 356 1
377 356 2
377 373 2
378 383 1
368 383 2
378 385 1
368 385 2
377 386 2
356 387 1
355 387 1
354 387 1
377 387 2
387 384 1
377 384 2
377 361 2
406 362 1
377 362 2
377 375 2
379 395 1
370 395 2
379 397 1
370 397 2
377 398 2
362 399 1
361 399 1
360 399 1
377 399 2
399 396 1
377 396 2
377 364 2
406 365 1
377 365 2
377 376 2
380 401 1
371 401 2
380 403 1
371 403 2
377 404 2
365 405 1
364 405 1
363 405 1
377 405 2
405 402 1
377 402 2
377 358 2
406 359 1
377 359 2
377 374 2
381 389 1
369 389 2
381 391 1
369 391 2
377 392 2
359 393 1
358 393 1
357 393 1
377 393 2
393 390 1
377 390 2
353 366 2
377 372 2
377 367 2
377 354 2
373 378 1
372 378 1
368 378 2
377 360 2
375 379 1
373 379 1
372 379 1
370 379 2
377 363 2
376 380 1
375 380 1
373 380 1
372 380 1
371 380 2
377 357 2
374 381 1
376 381 1
375 381 1
373 381 1
372 381 1
369 381 2
366 377 1
353 377 2
377 382 2
373 368 1
372 368 1
377 368 2
377 394 2
375 370 1
373 370 1
372 370 1
377 370 2
377 400 2
376 371 1
375 371 1
373 371 1
372 371 1
377 371 2
377 388 2
374 369 1
376 369 1
375 369 1
373 369 1
372 369 1
377 369 2
345 341 1
338 341 2
346 342 1
340 342 2
347 343 1
337 343 2
348 344 1
339 344 2
338 345 2
340 346 2
337 347 2
339 348 2
345 338 1
350 338 2
346 340 1
352 340 2
347 337 1
349 337 2
348 339 1
351 339 2
466 461 1
476 461 2
441 438 1
440 438 2
461 424 1
466 424 1
422 424 2
461 462 1
466 462 1
422 462 2
462 426 1
461 426 1
466 426 1
422 426 2
462 463 1
461 463 1
466 463 1
422 463 2
463 428 1
462 428 1
461 428 1
466 428 1
422 428 2
463 464 1
462 464 1
461 464 1
466 464 1
422 464 2
464 430 1
463 430 1
462 430 1
461 430 1
466 430 1
422 430 2
464 465 1
463 465 1
462 465 1
461 465 1
466 465 1
422 465 2
427 432 1
423 432 1
425 432 1
429 432 1
422 432 2
461 459 1
466 459 1
422 459 2
436 433 1
475 433 2
436 458 1
475 458 2
436 435 1
434 435 2
473 481 1
474 481 2
473 468 1
467 468 2
477 469 1
467 469 2
473 456 1
472 456 2
435 451 1
436 451 1
473 451 1
472 451 2
473 447 1
472 447 2
473 482 1
474 482 2
473 448 1
474 448 2
473 457 1
474 457 2
473 452 1
474 452 2
449 453 2
457 445 1
455 445 1
453 445 1
448 445 1
446 445 1
449 445 2
457 479 1
456 479 1
455 479 1
454 479 2
453 478 1
452 478 1
451 478 1
450 478 1
454 478 2
445 480 1
448 480 1
447 480 1
446 480 1
454 480 2
474 439 2
474 436 2
474 460 2
474 431 2
436 466 1
475 466 2
475 423 2
475 425 2
475 427 2
475 429 2
461 441 1
466 441 1
475 441 2
473 477 1
467 477 2
474 444 2
436 434 1
474 434 2
436 475 1
434 475 2
466 476 1
475 476 2
441 437 1
439 437 1
475 437 2
441 440 1
437 440 2
427 422 1
461 422 1
466 422 1
429 422 1
423 422 1
425 422 1
475 422 2
435 472 1
436 472 1
473 472 1
474 472 2
473 467 1
435 467 1
436 467 1
472 467 2
473 470 1
467 470 2
444 421 1
474 421 2
452 449 1
450 449 1
474 449 2
444 442 1
474 442 2
444 443 1
474 443 2
473 420 1
474 420 2
473 471 1
474 471 2
457 454 1
456 454 1
455 454 1
492 488 1
488 489 1
492 489 1
489 490 1
488 490 1
492 490 1
490 491 1
489 491 1
488 491 1
492 491 1
487 484 2
494 494 1
483 494 1
487 494 2
494 495 1
487 495 2
484 493 1
483 493 1
493 493 1
486 493 2
493 496 1
486 496 2
491 487 1
490 487 1
489 487 1
488 487 1
492 487 1
491 485 1
490 485 1
489 485 1
488 485 1
492 485 1
491 486 1
490 486 1
489 486 1
488 486 1
492 486 1
500 501 1
503 502 1
504 502 1
812 811 1
810 811 2
827 839 1
802 839 2
827 840 1
803 840 2
827 835 1
803 835 2
803 836 2
825 822 2
832 827 1
824 843 2
817 817 1
827 817 1
823 817 2
810 812 2
817 819 1
819 819 1
810 819 2
817 815 1
811 815 1
810 815 2
813 842 2
819 841 1
842 841 1
802 841 2
841 818 1
842 818 1
802 818 2
842 830 1
841 830 1
802 830 2
830 808 1
829 808 2
808 831 1
807 831 2
803 828 2
803 821 2
834 796 1
827 823 1
823 804 2
827 824 1
823 824 2
817 816 1
823 816 2
819 810 1
812 810 1
816 810 2
815 813 1
810 813 2
827 802 1
813 802 2
819 829 1
830 829 1
802 829 2
808 807 1
829 807 2
815 814 1
807 814 2
813 797 2
797 798 2
798 799 2
813 837 2
827 826 1
823 826 2
827 833 1
826 833 2
827 803 1
839 803 1
826 803 2
803 825 2
803 805 2
822 820 1
803 820 2
803 809 2
809 806 2
800 801 2
801 838 2
717 716 1
715 716 2
719 719 1
715 717 2
719 718 1
716 718 1
715 718 2
719 715 1
717 715 1
714 713 1
718 713 1
715 713 2
718 720 1
715 720 2
718 712 1
715 712 2
730 729 1
728 729 2
728 730 2
727 724 1
729 724 1
728 724 2
730 728 1
727 728 1
726 725 1
724 725 1
728 725 2
724 723 1
728 723 2
724 722 1
728 722 2
724 721 1
728 721 2
735 734 1
733 734 2
733 735 2
734 739 1
742 739 1
733 739 2
735 733 1
742 733 1
739 738 1
733 738 2
739 737 1
733 737 2
739 736 1
733 736 2
739 732 1
733 732 2
741 740 1
739 740 1
733 740 2
739 731 1
733 731 2
633 690 1
632 690 2
654 652 1
650 652 2
681 676 1
652 676 1
650 676 2
681 680 1
676 680 1
650 680 2
681 678 1
680 678 1
650 678 2
703 672 1
671 672 1
620 672 2
655 653 1
651 653 2
701 698 1
651 698 2
630 692 1
700 692 2
701 694 1
700 694 2
667 664 1
662 664 2
703 695 1
662 695 2
631 693 1
700 693 2
666 665 1
663 665 2
703 696 1
663 696 2
683 637 1
682 637 2
637 647 1
636 647 1
634 647 2
637 668 1
636 668 1
634 668 2
646 648 1
634 648 2
646 669 1
634 669 2
629 702 2
702 643 1
629 643 2
643 645 1
642 645 2
643 644 1
641 644 2
627 689 2
689 633 1
633 633 1
688 633 2
625 673 2
625 661 2
628 685 2
673 681 1
620 681 2
671 671 1
681 671 1
620 671 2
671 675 1
620 675 2
671 679 1
620 679 2
671 677 1
620 677 2
650 654 2
673 703 1
620 703 2
672 697 1
620 697 2
672 691 1
620 691 2
651 655 2
653 701 1
703 701 1
651 701 2
701 630 1
672 630 1
700 630 2
662 667 2
701 631 1
672 631 1
700 631 2
663 666 2
673 640 1
640 640 1
620 640 2
623 646 2
639 639 1
646 639 1
623 639 2
646 636 1
657 636 2
636 683 1
635 683 2
657 649 2
657 670 2
626 674 2
643 642 1
629 642 2
645 659 1
642 659 2
643 641 1
642 641 2
644 658 1
641 658 2
629 627 2
689 688 1
627 688 2
633 632 1
688 632 2
690 687 1
689 687 1
627 687 2
690 660 1
689 660 1
627 660 2
627 625 2
625 628 2
685 684 1
628 684 2
661 620 1
673 620 1
625 620 2
654 650 1
671 650 1
620 650 2
655 651 1
672 651 1
620 651 2
701 699 1
651 699 2
701 700 1
699 700 2
667 662 1
630 662 1
700 662 2
666 663 1
631 663 1
700 663 2
640 656 1
620 656 2
625 623 2
639 638 1
623 638 2
639 657 1
638 657 2
636 635 1
657 635 2
683 682 1
635 682 2
637 634 1
636 634 1
657 634 2
623 624 2
624 686 2
624 621 2
621 626 2
626 622 2
705 705 1
705 704 1
708 706 2
706 707 2
711 709 2
709 710 2
872 870 2
870 871 2
875 873 2
873 874 2
794 795 1
745 795 2
795 792 1
745 792 2
770 767 1
769 767 2
770 771 1
769 771 2
764 763 1
762 763 2
763 785 1
786 785 1
762 785 2
760 761 1
749 761 2
778 774 1
761 774 1
760 774 1
784 774 1
751 774 2
774 790 1
772 790 2
779 775 1
751 775 2
750 789 1
775 789 1
751 789 2
750 773 1
777 773 1
751 773 2
792 754 1
743 754 2
792 782 1
743 782 2
792 758 1
743 758 2
780 781 1
743 781 2
776 757 1
780 757 1
743 757 2
787 756 2
759 788 1
787 788 2
775 783 1
774 783 1
744 783 2
745 794 2
752 786 1
751 786 2
786 765 1
765 765 1
751 765 2
765 784 1
751 784 2
762 764 2
767 768 1
766 768 1
751 768 2
768 778 1
751 778 2
751 760 2
751 748 2
748 777 1
751 777 2
777 779 1
751 779 2
751 793 2
793 750 1
779 750 1
751 750 2
787 759 2
753 776 1
792 776 1
743 776 2
792 780 1
753 780 1
743 780 2
770 769 1
752 751 1
764 762 1
765 762 1
751 762 2
751 749 2
774 772 1
751 772 2
772 746 2
789 787 1
790 787 1
791 787 1
753 743 1
792 743 1
787 743 2
775 744 1
774 744 1
787 744 2
744 755 2
755 747 2
554 553 1
552 553 2
550 550 1
551 551 1
551 556 1
558 558 1
552 554 2
558 555 1
555 555 1
552 555 2
550 549 1
554 552 1
555 552 1
556 557 1
558 557 1
550 557 1
553 557 1
552 557 2
569 604 1
609 604 1
559 604 2
569 564 1
559 564 2
585 581 1
577 581 2
586 582 1
578 582 2
570 605 1
610 605 1
560 605 2
570 565 1
560 565 2
587 583 1
579 583 2
571 606 1
611 606 1
561 606 2
571 566 1
561 566 2
591 590 1
589 590 2
572 607 1
612 607 1
562 607 2
572 567 1
562 567 2
588 584 1
580 584 2
613 608 1
573 608 1
563 608 2
573 568 1
563 568 2
615 609 2
615 569 2
615 619 2
597 597 1
577 585 2
597 594 1
594 594 1
577 594 2
575 575 1
578 586 2
575 593 1
593 593 1
578 593 2
576 610 2
576 570 2
582 574 1
575 574 1
576 574 2
603 603 1
579 587 2
603 595 1
595 595 1
579 595 2
583 599 1
603 599 1
579 599 2
598 611 2
598 571 2
618 602 1
599 602 1
579 602 2
589 591 2
602 592 1
595 592 1
589 592 2
602 601 1
590 601 1
589 601 2
600 612 2
600 572 2
618 618 1
580 588 2
596 596 1
618 596 1
580 596 2
584 617 1
618 617 1
580 617 2
616 613 2
616 573 2
569 559 1
615 559 2
585 577 1
594 577 1
581 614 1
597 614 1
577 614 2
586 578 1
593 578 1
582 576 1
575 576 1
578 576 2
570 560 1
576 560 2
595 579 1
587 579 1
599 598 1
579 598 2
571 561 1
598 561 2
592 589 1
591 589 1
579 589 2
601 600 1
589 600 2
572 562 1
600 562 2
596 580 1
588 580 1
617 616 1
580 616 2
573 563 1
616 563 2
531 533 2
534 531 2
533 532 1
531 532 2
526 525 1
524 525 2
524 526 2
529 527 1
530 527 1
526 524 1
530 524 1
527 524 2
525 528 1
530 528 1
529 528 1
524 528 2
510 509 1
508 509 2
505 517 1
509 517 1
508 517 2
521 505 1
505 516 1
508 510 2
521 515 1
516 515 1
515 519 1
519 507 1
515 512 1
512 523 1
507 523 1
521 520 1
505 508 1
510 508 1
515 513 1
515 514 1
519 518 1
507 506 1
512 511 1
523 522 1
881 880 1
879 880 2
876 888 1
880 888 1
879 888 2
892 876 1
876 887 1
879 881 2
892 886 1
887 886 1
886 890 1
890 878 1
886 883 1
883 894 1
878 894 1
892 891 1
876 879 1
881 879 1
886 884 1
886 885 1
890 889 1
878 877 1
883 882 1
894 893 1
867 863 1
866 863 2
869 865 1
867 865 1
861 865 2
867 868 1
860 868 2
869 864 1
864 859 1
867 866 1
869 866 1
863 862 1
866 862 2
863 861 1
862 861 2
865 860 1
861 860 2
847 846 1
845 846 2
856 856 1
845 847 2
856 855 1
846 855 1
845 855 2
855 853 1
845 853 2
857 849 1
848 849 2
849 844 1
848 844 2
844 854 1
848 854 2
847 845 1
856 845 1
855 858 1
845 858 2
853 852 1
845 852 2
853 851 1
852 851 2
849 848 1
854 850 1
848 850 2
921 920 2
923 918 2
927 931 2
925 930 2
921 919 2
921 923 2
918 917 1
923 917 2
923 924 2
924 922 2
922 926 2
926 927 2
931 928 1
927 928 2
927 925 2
930 929 1
925 929 2
902 896 1
898 896 1
908 896 2
902 897 1
895 897 2
916 900 1
913 900 2
915 901 1
914 901 2
910 899 2
906 898 2
908 902 2
912 916 2
910 915 2
904 904 1
905 904 2
906 908 2
902 895 1
896 895 1
908 895 2
908 909 2
909 907 2
907 911 2
911 912 2
916 913 1
912 913 2
912 910 2
915 914 1
910 914 2
906 905 2
904 903 1
905 903 2
933 932 1
984 981 1
984 982 1
984 983 1
988 987 1
986 985 1
935 934 1
937 936 1
956 955 1
958 957 1
960 959 1
962 961 1
964 963 1
966 965 1
968 967 1
970 969 1
972 971 1
974 973 1
976 975 1
978 977 1
980 979 1
940 938 1
940 939 1
943 941 1
943 942 1
945 944 1
947 946 1
949 948 1
954 950 1
954 951 1
954 952 1
954 953 1
990 991 1
992 991 1
991 989 2
995 998 1
996 998 2
994 996 1
997 996 1
996 993 2
1001 1003 2
1000 1001 1
1002 1001 1
1001 999 2
1007 1009 2
1006 1008 1
1006 1005 1
1008 1007 1
1005 1007 1
1007 1004 2
1015 1014 1
1013 1014 2
1017 1023 1
1025 1023 1
1021 1023 2
1028 1024 1
1027 1024 2
1028 1019 1
1026 1019 2
1019 1020 1
1026 1020 2
1013 1015 2
1014 1022 1
1019 1022 1
1013 1022 2
1019 1012 1
1014 1012 1
1013 1012 2
1014 1016 1
1021 1016 2
1016 1025 1
1021 1025 2
1020 1018 1
1021 1018 2
1016 1017 1
1021 1017 2
1028 1027 1
1028 1026 1
1027 1026 2
1020 1013 1
1015 1013 1
1026 1013 2
1022 1021 1
1012 1021 1
1013 1021 2
1021 1010 2
1027 1011 2
1032 1033 2
1031 1034 1
1030 1034 2
1032 1031 2
1031 1030 1
1032 1030 2
1030 1029 2
1037 1035 2
1037 1036 2
1050 1046 2
1048 1042 1
1050 1042 2
1051 1047 2
1049 1043 1
1051 1043 2
1050 1048 2
1038 1045 2
1051 1049 2
1038 1050 2
1038 1039 2
1045 1044 1
1038 1044 2
1044 1051 2
1044 1040 2
1044 1041 2
1055 1054 1
1053 1054 2
1057 1059 1
1060 1059 2
1053 1055 2
1057 1056 1
1056 1060 2
1059 1058 1
1060 1058 2
1055 1053 1
1059 1053 1
1058 1053 2
1059 1052 1
1054 1052 1
1053 1052 2
1260 1273 1
1262 1273 1
1261 1273 1
1259 1273 1
1258 1273 1
1263 1273 2
1260 1272 1
1262 1272 1
1261 1272 1
1259 1272 1
1258 1272 1
1263 1272 2
1272 1265 1
1271 1265 2
1267 1274 1
1271 1274 2
1272 1266 1
1271 1266 2
1268 1275 1
1271 1275 2
1272 1264 1
1269 1264 2
1264 1267 1
1272 1267 1
1271 1267 2
1272 1268 1
1264 1268 1
1271 1268 2
1272 1269 1
1263 1269 2
1272 1271 1
1269 1271 2
1275 1270 1
1274 1270 1
1272 1270 1
1273 1270 1
1270 1257 2
1254 1250 2
1252 1255 1
1254 1255 2
1254 1251 2
1253 1256 1
1254 1256 2
1249 1252 1
1254 1252 2
1249 1253 1
1254 1253 2
1072 1071 1
1070 1071 2
1068 1077 1
1064 1077 2
1078 1067 1
1064 1067 2
1068 1076 1
1064 1076 2
1079 1066 1
1064 1066 2
1073 1083 2
1083 1069 1
1080 1069 2
1070 1072 2
1069 1065 1
1071 1065 1
1070 1065 2
1065 1075 1
1070 1075 2
1073 1082 2
1082 1068 1
1081 1068 2
1068 1078 1
1064 1078 2
1068 1079 1
1064 1079 2
1083 1080 1
1073 1080 2
1072 1070 1
1069 1070 1
1080 1070 2
1075 1074 1
1065 1074 1
1070 1074 2
1074 1062 2
1082 1081 1
1073 1081 2
1068 1063 1
1081 1063 2
1063 1084 2
1068 1064 1
1084 1064 2
1063 1061 2
1092 1094 1
1091 1094 2
1101 1095 1
1091 1095 2
1090 1096 1
1087 1096 2
1098 1088 1
1087 1088 2
1090 1097 1
1087 1097 2
1099 1089 1
1087 1089 2
1091 1092 2
1091 1101 2
1095 1100 1
1094 1100 1
1093 1100 2
1100 1090 1
1093 1090 2
1086 1102 2
1090 1098 1
1102 1098 1
1087 1098 2
1102 1099 1
1090 1099 1
1087 1099 2
1095 1093 1
1094 1093 1
1090 1086 1
1093 1086 2
1090 1087 1
1086 1087 2
1086 1085 2
1113 1121 1
1112 1121 2
1123 1119 1
1112 1119 2
1113 1122 1
1112 1122 2
1124 1120 1
1112 1120 2
1118 1117 1
1114 1117 2
1118 1113 1
1116 1113 2
1116 1125 2
1118 1123 1
1125 1123 1
1113 1123 1
1112 1123 2
1113 1124 1
1125 1124 1
1118 1124 1
1112 1124 2
1118 1115 1
1118 1116 1
1115 1116 2
1113 1112 1
1116 1112 2
1116 1110 2
1118 1114 1
1116 1114 2
1114 1111 2
1137 1141 1
1143 1141 2
1144 1140 2
1140 1139 1
1141 1139 1
1142 1139 1
1138 1139 2
1143 1137 2
1143 1144 2
1140 1138 1
1141 1138 1
1142 1138 1
1138 1136 2
1127 1129 1
1135 1129 2
1132 1130 1
1135 1130 2
1135 1127 2
1135 1132 2
1130 1131 1
1129 1131 1
1128 1131 2
1131 1134 1
1128 1134 2
1130 1128 1
1129 1128 1
1134 1133 1
1128 1133 2
1133 1126 2
1105 1107 1
1107 1104 1
1106 1104 2
1104 1109 1
1106 1109 2
1107 1106 1
1109 1108 1
1106 1108 2
1108 1103 2
1146 1148 1
1151 1148 1
1150 1148 2
1146 1151 1
1151 1150 1
1148 1147 1
1149 1147 1
1147 1145 2
1200 1183 1
1184 1183 1
1199 1183 2
1185 1186 1
1178 1186 2
1185 1190 1
1178 1190 2
1185 1188 1
1178 1188 2
1179 1187 1
1178 1187 2
1179 1191 1
1178 1191 2
1178 1189 2
1181 1196 1
1180 1196 2
1193 1194 1
1192 1194 2
1182 1201 2
1182 1200 2
1200 1179 1
1199 1179 2
1199 1184 2
1185 1185 1
1178 1185 2
1193 1181 1
1192 1181 2
1201 1197 1
1182 1197 2
1200 1198 1
1182 1198 2
1200 1199 1
1198 1199 2
1183 1178 1
1184 1178 1
1179 1178 1
1199 1178 2
1193 1192 1
1181 1180 1
1195 1180 1
1192 1180 2
1205 1204 1
1203 1204 2
1203 1205 2
1206 1206 1
1208 1206 1
1203 1206 2
1208 1207 1
1205 1203 1
1206 1203 1
1207 1203 2
1203 1202 2
1217 1215 1
1213 1215 2
1225 1233 1
1240 1233 2
1234 1226 1
1240 1226 2
1218 1216 1
1214 1216 2
1232 1231 1
1230 1231 2
1213 1217 2
1215 1225 1
1227 1225 1
1228 1225 2
1225 1234 1
1240 1234 2
1214 1218 2
1222 1224 1
1216 1224 1
1214 1224 2
1224 1235 1
1214 1235 2
1214 1221 2
1230 1232 2
1231 1236 1
1235 1236 1
1230 1236 2
1231 1237 1
1230 1237 2
1227 1213 1
1217 1213 1
1215 1228 1
1229 1228 1
1227 1228 1
1213 1228 2
1228 1240 2
1238 1210 2
1239 1211 2
1223 1214 1
1218 1214 1
1232 1230 1
1235 1230 1
1214 1230 2
1236 1209 1
1237 1209 1
1230 1209 2
1221 1219 1
1224 1219 1
1214 1219 2
1221 1220 1
1214 1220 2
1220 1212 2
1155 1154 1
1153 1154 2
1153 1155 2
1156 1159 1
1154 1159 1
1153 1159 2
1156 1153 1
1155 1153 1
1156 1158 1
1154 1158 1
1157 1158 1
1159 1158 1
1153 1158 2
1158 1152 2
1243 1246 2
1243 1245 2
1245 1248 1
1246 1248 1
1244 1248 2
1245 1244 1
1246 1244 1
1248 1247 1
1244 1247 2
1247 1241 2
1247 1242 2
1175 1170 1
1174 1170 2
1165 1164 1
1163 1164 2
1170 1167 1
1164 1167 1
1172 1167 2
1174 1168 2
1174 1171 2
1174 1169 2
1163 1165 2
1164 1173 1
1170 1173 1
1163 1173 2
1167 1177 1
1168 1177 1
1166 1177 2
1175 1174 1
1165 1163 1
1170 1163 1
1174 1163 2
1170 1172 1
1173 1172 1
1164 1172 1
1171 1172 1
1163 1172 2
1167 1166 1
1168 1166 1
1174 1166 2
1166 1160 2
1177 1176 1
1166 1176 2
1176 1161 2
1176 1162 2
1280 1279 1
1278 1279 2
1277 1281 1
1276 1281 2
1278 1280 2
1280 1278 1
1277 1278 1
1279 1282 1
1278 1282 2
1277 1276 1
1292 1291 1
1290 1291 2
1295 1294 1
1293 1294 2
1299 1300 1
1289 1300 1
1288 1300 2
1303 1297 1
1290 1292 2
1303 1301 1
1291 1301 1
1290 1301 2
1301 1302 1
1290 1302 2
1301 1287 1
1290 1287 2
1291 1285 1
1290 1285 2
1293 1295 2
1287 1299 1
1294 1299 1
1293 1299 2
1299 1289 1
1293 1289 2
1298 1296 1
1297 1296 1
1292 1290 1
1297 1290 1
1296 1290 2
1302 1284 1
1291 1284 1
1290 1284 2
1285 1286 1
1287 1286 1
1290 1286 2
1295 1293 1
1285 1293 1
1286 1293 2
1289 1288 1
1293 1288 2
1291 1283 1
1300 1283 1
1299 1283 1
1294 1283 1
1293 1283 2
1305 1307 1
1309 1307 2
1304 1306 1
1308 1306 2
1309 1305 2
1308 1304 2
1309 1308 2
1312 1310 1
1312 1311 1
1310 1311 2
1313 1315 1
1314 1315 2
1313 1314 1
1390 1389 1
1361 1389 1
1360 1389 2
1370 1365 1
1363 1365 2
1361 1388 1
1389 1388 1
1365 1388 1
1363 1388 2
1368 1366 1
1364 1366 2
1377 1387 1
1366 1387 1
1364 1387 2
1376 1375 2
1378 1379 1
1380 1379 2
1373 1357 1
1380 1357 2
1369 1367 1
1362 1367 2
1381 1390 2
1356 1361 2
1363 1370 2
1361 1371 1
1371 1371 1
1363 1371 2
1384 1377 2
1364 1368 2
1377 1372 1
1372 1372 1
1364 1372 2
1385 1374 2
1380 1378 2
1380 1358 2
1380 1373 2
1362 1369 2
1390 1356 1
1381 1356 2
1361 1360 1
1356 1360 2
1370 1363 1
1371 1363 1
1360 1363 2
1388 1382 1
1389 1382 1
1386 1382 1
1356 1382 2
1388 1384 1
1389 1384 1
1386 1384 1
1368 1364 1
1372 1364 1
1384 1364 2
1387 1383 1
1364 1383 2
1387 1385 1
1388 1385 1
1389 1385 1
1386 1385 1
1384 1385 2
1385 1376 2
1375 1380 1
1374 1380 1
1385 1380 2
1369 1362 1
1357 1362 1
1358 1362 1
1380 1362 2
1367 1359 1
1357 1359 1
1358 1359 1
1379 1359 1
1362 1359 2
1345 1353 1
1331 1353 1
1322 1353 2
1331 1344 1
1345 1344 1
1340 1344 2
1324 1323 1
1340 1323 2
1331 1328 1
1327 1328 2
1332 1329 1
1326 1329 2
1329 1354 1
1339 1354 1
1326 1354 2
1338 1337 2
1342 1343 1
1346 1343 2
1335 1317 1
1346 1317 2
1333 1330 1
1325 1330 2
1347 1355 2
1316 1321 2
1355 1345 1
1320 1345 2
1320 1331 2
1320 1324 2
1345 1341 1
1331 1341 1
1327 1341 2
1350 1339 2
1326 1332 2
1334 1334 1
1339 1334 1
1326 1334 2
1351 1336 2
1346 1342 2
1346 1318 2
1346 1335 2
1325 1333 2
1355 1316 1
1347 1316 2
1321 1320 1
1316 1320 2
1345 1327 1
1331 1327 1
1320 1327 2
1341 1340 1
1331 1340 1
1321 1340 1
1345 1340 1
1324 1340 1
1327 1340 2
1321 1322 1
1324 1322 1
1340 1322 2
1353 1348 1
1352 1348 1
1316 1348 2
1353 1350 1
1352 1350 1
1334 1326 1
1332 1326 1
1350 1326 2
1354 1349 1
1326 1349 2
1354 1351 1
1353 1351 1
1352 1351 1
1350 1351 2
1351 1338 2
1337 1346 1
1336 1346 1
1351 1346 2
1333 1325 1
1317 1325 1
1318 1325 1
1346 1325 2
1330 1319 1
1317 1319 1
1318 1319 1
1343 1319 1
1325 1319 2
1436 1436 1
1436 1437 1
1436 1435 1
1445 1442 1
1442 1440 1
1445 1440 1
1438 1440 2
1442 1443 1
1445 1443 1
1438 1443 2
1449 1444 1
1445 1439 1
1443 1449 1
1442 1449 1
1445 1449 1
1439 1438 1
1442 1441 1
1445 1441 1
1438 1441 2
1447 1446 1
1443 1448 1
1442 1448 1
1445 1448 1
1449 1448 1
1454 1455 2
1455 1453 1
1454 1453 2
1455 1454 1
1456 1454 1
1453 1452 1
1454 1452 2
1456 1450 1
1456 1451 1
1466 1465 1
1464 1465 2
1461 1460 1
1464 1460 2
1463 1466 1
1462 1466 1
1461 1458 1
1464 1458 2
1461 1459 1
1464 1459 2
1466 1464 1
1459 1457 1
1458 1457 1
1464 1457 2
1473 1471 1
1468 1471 2
1476 1482 1
1471 1482 1
1483 1482 1
1468 1482 2
1474 1472 1
1469 1472 2
1481 1479 1
1470 1479 2
1478 1480 1
1479 1480 1
1481 1480 1
1469 1480 2
1476 1476 1
1468 1473 2
1482 1467 1
1483 1467 1
1476 1467 1
1469 1474 2
1472 1477 1
1469 1477 2
1477 1478 1
1476 1478 1
1469 1478 2
1476 1475 1
1473 1468 1
1476 1468 1
1474 1469 1
1476 1469 1
1472 1470 1
1469 1470 2
1494 1493 1
1495 1493 2
1491 1490 1
1489 1490 2
1489 1491 2
1492 1492 1
1489 1492 2
1492 1489 1
1491 1489 1
1490 1488 1
1492 1488 1
1489 1488 2
1486 1485 1
1484 1485 2
1484 1486 2
1487 1487 1
1484 1487 2
1486 1484 1
1487 1484 1
1530 1529 1
1528 1529 2
1528 1530 2
1527 1526 1
1531 1526 1
1527 1528 1
1530 1528 1
1529 1525 1
1527 1525 1
1531 1525 1
1528 1525 2
1564 1565 2
1565 1564 1
1565 1562 1
1564 1562 2
1565 1563 1
1562 1563 2
1565 1561 1
1562 1561 2
1557 1558 2
1560 1559 1
1560 1557 1
1558 1557 1
1558 1556 1
1557 1556 2
1553 1552 1
1551 1552 2
1555 1553 1
1551 1553 2
1555 1554 1
1553 1551 1
1552 1549 1
1551 1549 2
1552 1550 1
1549 1550 2
1552 1548 1
1549 1548 2
1538 1533 2
1538 1534 2
1535 1536 2
1539 1537 1
1539 1538 1
1539 1535 1
1536 1535 1
1536 1532 1
1533 1532 1
1534 1532 1
1535 1532 2
1546 1541 2
1546 1542 2
1543 1544 2
1547 1545 1
1547 1546 1
1544 1543 1
1547 1543 1
1542 1540 1
1544 1540 1
1541 1540 1
1543 1540 2
1577 1575 1
1574 1575 2
1578 1576 1
1573 1576 2
1581 1580 1
1579 1580 2
1574 1577 2
1573 1578 2
1583 1583 1
1582 1583 1
1573 1583 2
1576 1585 1
1582 1585 1
1573 1585 2
1584 1567 1
1573 1567 2
1567 1581 1
1579 1581 2
1584 1571 1
1572 1571 1
1584 1574 1
1577 1574 1
1575 1568 1
1574 1568 2
1583 1573 1
1578 1573 1
1583 1566 1
1567 1566 1
1585 1566 1
1572 1566 1
1573 1566 2
1584 1570 1
1573 1570 2
1572 1579 1
1581 1579 1
1573 1579 2
1567 1569 1
1580 1569 1
1585 1569 1
1579 1569 2
1587 1586 1
1597 1598 1
1589 1598 2
1598 1601 1
1603 1601 1
1589 1601 2
1601 1593 1
1589 1593 2
1598 1604 1
1589 1604 2
1603 1602 1
1597 1602 1
1589 1602 2
1602 1594 1
1589 1594 2
1597 1605 1
1589 1605 2
1595 1600 1
1597 1603 1
1597 1591 1
1595 1592 1
1597 1596 1
1599 1596 1
1591 1588 1
1591 1590 1
1591 1589 1
1590 1589 2
1608 1607 1
1606 1607 2
1612 1612 1
1606 1608 2
1612 1609 1
1606 1609 2
1612 1611 1
1607 1611 1
1606 1611 2
1608 1606 1
1609 1606 1
1611 1610 1
1606 1610 2
1611 1613 1
1610 1613 2
1617 1616 1
1615 1616 2
1619 1620 1
1616 1620 1
1615 1620 2
1619 1619 1
1618 1621 2
1615 1617 2
1621 1614 1
1615 1614 2
1619 1618 1
1617 1615 1
1619 1615 1
1618 1615 2
1699 1698 1
1697 1698 2
1697 1699 2
1696 1700 1
1697 1700 2
1699 1697 1
1700 1697 1
1698 1695 1
1696 1695 1
1697 1695 2
1705 1704 1
1703 1704 2
1703 1705 2
1702 1706 1
1703 1706 2
1706 1703 1
1705 1703 1
1702 1701 1
1704 1701 1
1703 1701 2
1711 1710 1
1709 1710 2
1709 1711 2
1708 1712 1
1709 1712 2
1711 1709 1
1712 1709 1
1708 1707 1
1710 1707 1
1709 1707 2
1717 1716 1
1715 1716 2
1715 1717 2
1714 1718 1
1715 1718 2
1718 1715 1
1717 1715 1
1714 1713 1
1716 1713 1
1715 1713 2
1723 1726 2
1720 1727 1
1719 1727 2
1727 1728 1
1726 1728 1
1725 1728 1
1720 1722 1
1727 1722 1
1726 1722 1
1725 1722 1
1725 1723 1
1726 1719 1
1725 1719 1
1720 1719 1
1727 1724 1
1726 1724 1
1725 1724 1
1722 1721 1
1733 1736 1
1734 1733 1
1733 1731 1
1734 1731 1
1734 1729 1
1733 1729 1
1735 1729 1
1731 1729 1
1729 1738 1
1739 1738 2
1733 1732 1
1731 1730 1
1738 1737 1
1739 1737 2
1768 1767 1
1766 1767 2
1775 1774 1
1773 1774 2
1755 1761 2
1763 1762 1
1771 1762 2
1762 1769 1
1771 1769 2
1761 1756 1
1755 1756 2
1755 1776 2
1755 1765 2
1755 1758 2
1766 1768 2
1758 1778 1
1778 1778 1
1766 1778 2
1758 1764 1
1767 1764 1
1759 1764 2
1773 1775 2
1764 1777 1
1778 1777 1
1773 1777 2
1765 1779 1
1755 1779 2
1779 1760 1
1755 1760 2
1755 1770 2
1772 1772 1
1765 1772 1
1755 1772 2
1772 1763 1
1771 1763 2
1778 1766 1
1768 1766 1
1755 1766 2
1758 1759 1
1776 1759 1
1767 1759 1
1766 1759 2
1777 1773 1
1775 1773 1
1759 1773 2
1772 1771 1
1755 1771 2
1763 1757 1
1771 1757 2
1782 1797 1
1781 1797 2
1801 1792 2
1780 1793 2
1793 1787 1
1792 1787 1
1794 1787 1
1791 1787 2
1785 1796 1
1787 1796 1
1790 1796 2
1800 1782 2
1800 1788 2
1800 1794 2
1799 1786 2
1787 1784 1
1783 1784 2
1784 1789 1
1783 1789 2
1789 1785 1
1783 1785 2
1782 1781 1
1800 1781 2
1800 1801 2
1801 1799 2
1786 1780 1
1799 1780 2
1793 1791 1
1792 1791 1
1794 1791 1
1800 1791 2
1784 1783 1
1791 1783 2
1785 1790 1
1783 1790 2
1796 1795 1
1797 1795 1
1798 1795 1
1818 1817 1
1812 1808 2
1809 1811 2
1811 1806 1
1809 1806 2
1802 1810 2
1810 1807 1
1802 1807 2
1808 1803 1
1812 1803 2
1802 1809 2
1806 1804 1
1809 1804 2
1807 1805 1
1802 1805 2
1813 1816 2
1815 1813 1
1816 1814 1
1813 1814 2
1826 1825 2
1825 1832 1
1826 1832 2
1826 1829 2
1829 1821 1
1826 1821 2
1826 1827 2
1826 1833 2
1827 1824 1
1833 1824 1
1826 1824 2
1824 1823 1
1826 1823 2
1823 1831 1
1824 1831 1
1826 1831 2
1826 1828 2
1823 1822 1
1826 1822 2
1831 1830 1
1826 1830 2
1839 1840 1
1835 1840 2
1839 1837 1
1839 1838 1
1841 1838 1
1837 1834 1
1837 1836 1
1837 1835 1
1836 1835 2
1846 1845 1
1844 1845 2
1844 1846 2
1846 1844 1
1845 1843 1
1844 1843 2
1845 1842 1
1844 1842 2
1523 1522 1
1521 1522 2
1521 1523 2
1521 1524 2
1522 1520 1
1520 1520 1
1521 1520 2
1523 1521 1
1524 1521 1
1849 1851 1
1849 1847 1
1850 1847 1
1850 1850 1
1849 1848 1
1513 1511 1
1510 1511 2
1511 1512 1
1516 1512 2
1497 1508 2
1508 1518 1
1506 1518 1
1516 1518 2
1518 1503 1
1516 1503 2
1498 1509 2
1509 1519 1
1507 1519 1
1519 1504 1
1510 1513 2
1510 1515 2
1511 1505 1
1510 1505 2
1511 1517 1
1510 1517 2
1500 1506 1
1516 1506 2
1500 1507 1
1514 1499 2
1513 1510 1
1515 1510 1
1515 1496 1
1511 1496 1
1510 1496 2
1517 1516 1
1510 1516 2
1506 1497 1
1516 1497 2
1503 1501 1
1518 1501 1
1516 1501 2
1507 1498 1
1504 1502 1
1519 1502 1
1858 1853 1
1855 1853 2
1852 1854 1
1856 1854 1
1855 1854 2
1855 1858 2
1856 1855 1
1858 1857 1
1855 1857 2
1859 1863 2
1864 1862 1
1862 1859 1
1863 1860 1
1859 1860 2
1862 1861 1
1859 1861 2
1746 1745 1
1744 1745 2
1744 1746 2
1741 1750 1
1744 1750 2
1749 1749 1
1751 1749 1
1749 1752 1
1748 1752 2
1754 1743 1
1746 1744 1
1750 1744 1
1749 1748 1
1747 1740 1
1748 1740 2
1743 1742 1
1754 1753 1
1867 1866 1
1865 1866 2
1869 1870 1
1866 1870 1
1865 1870 2
1865 1867 2
1868 1868 1
1869 1868 1
1865 1868 2
1868 1865 1
1867 1865 1
1872 1871 1
1964 1963 1
1962 1963 2
1962 1964 2
1969 1965 1
1963 1965 1
1962 1965 2
1965 1971 1
1962 1971 2
1971 1968 1
1970 1968 2
1971 1966 1
1968 1966 1
1970 1966 2
1964 1962 1
1969 1962 1
1971 1970 1
1962 1970 2
1966 1967 1
1968 1967 1
1970 1967 2
1875 1903 1
1874 1903 2
1887 1885 1
1883 1885 2
1918 1917 1
1877 1917 1
1876 1917 2
1917 1907 1
1918 1907 1
1883 1907 2
1874 1902 2
1882 1905 1
1892 1905 2
1888 1886 1
1884 1886 2
1913 1912 1
1889 1912 2
1913 1914 1
1889 1914 2
1914 1906 1
1912 1906 1
1884 1906 2
1881 1896 1
1898 1896 2
1920 1881 1
1900 1915 1
1899 1915 2
1900 1895 1
1899 1895 2
1875 1875 1
1895 1875 1
1899 1875 2
1883 1887 2
1885 1873 1
1875 1873 1
1883 1873 2
1873 1916 1
1883 1916 2
1916 1877 1
1883 1877 2
1916 1918 1
1883 1918 2
1901 1901 1
1898 1901 2
1881 1911 1
1901 1911 1
1911 1911 1
1898 1911 2
1891 1891 1
1881 1891 1
1898 1891 2
1901 1882 1
1882 1882 1
1898 1882 2
1882 1893 1
1901 1893 1
1891 1893 1
1898 1893 2
1908 1908 1
1901 1908 1
1898 1908 2
1908 1894 1
1894 1894 1
1898 1894 2
1893 1880 1
1898 1880 2
1894 1904 1
1880 1904 1
1898 1904 2
1884 1888 2
1886 1913 1
1908 1913 1
1884 1913 2
1881 1910 1
1905 1910 1
1904 1910 1
1911 1910 1
1898 1910 2
1898 1897 2
1910 1879 1
1896 1879 1
1897 1879 1
1898 1879 2
1920 1919 1
1881 1898 1
1900 1898 1
1900 1899 1
1898 1899 2
1875 1874 1
1899 1874 2
1875 1883 1
1887 1883 1
1874 1883 2
1877 1876 1
1883 1876 2
1893 1892 1
1898 1892 2
1888 1884 1
1894 1884 1
1898 1884 2
1891 1889 1
1884 1889 2
1891 1890 1
1898 1890 2
1910 1909 1
1898 1909 2
1879 1878 1
1894 1878 1
1898 1878 2
1960 1956 1
1959 1956 2
1960 1955 1
1959 1955 2
1941 1951 1
1947 1951 2
1943 1952 1
1942 1952 2
1927 1949 1
1944 1949 2
1955 1941 1
1956 1941 1
1941 1943 1
1944 1943 2
1941 1950 1
1944 1950 2
1941 1946 1
1952 1946 1
1951 1946 1
1950 1946 1
1943 1946 1
1944 1946 2
1955 1927 1
1956 1927 1
1927 1927 1
1944 1927 2
1941 1922 1
1926 1922 2
1927 1925 1
1949 1925 1
1944 1925 2
1946 1924 1
1925 1924 1
1944 1924 2
1941 1930 1
1953 1930 2
1953 1957 2
1955 1961 1
1956 1961 1
1954 1961 2
1954 1933 2
1933 1934 1
1932 1934 2
1933 1936 1
1932 1936 2
1960 1939 1
1954 1939 2
1941 1923 1
1945 1923 2
1941 1931 1
1938 1931 2
1939 1937 1
1938 1937 2
1960 1958 1
1960 1959 1
1955 1953 1
1956 1953 1
1941 1944 1
1953 1944 2
1950 1947 1
1944 1947 2
1951 1942 1
1950 1942 1
1943 1942 1
1944 1942 2
1952 1948 1
1951 1948 1
1950 1948 1
1944 1948 2
1927 1926 1
1944 1926 2
1930 1928 1
1953 1928 2
1955 1954 1
1956 1954 1
1953 1954 2
1933 1932 1
1954 1932 2
1941 1940 1
1954 1940 2
1939 1938 1
1954 1938 2
1941 1945 1
1938 1945 2
1923 1921 1
1945 1921 2
1931 1929 1
1938 1929 2
1937 1935 1
1938 1935 2
1979 1978 1
1977 1978 2
1976 1973 1
1975 1973 2
1978 1974 1
1975 1974 2
1977 1979 2
1978 1976 1
1981 1976 2
1979 1977 1
1978 1980 1
1977 1980 2
1978 1981 1
1977 1981 2
1976 1975 1
1972 1975 1
1981 1975 2
1992 1991 1
1990 1991 2
1995 1994 1
1993 1994 2
1990 1992 2
1997 1997 1
1996 1997 1
1990 1997 2
1996 1984 1
1991 1984 1
1990 1984 2
1997 1985 1
1984 1985 1
1990 1985 2
1989 1986 1
1985 1986 1
1990 1986 2
1986 1983 1
1990 1983 2
1993 1995 2
1997 1990 1
1992 1990 1
1983 1982 1
1990 1982 2
1983 1987 1
1990 1987 2
1995 1993 1
1985 1993 1
1990 1993 2
1994 1988 1
1986 1988 1
1984 1988 1
1993 1988 2
2000 1999 1
1998 1999 2
1998 2000 2
2000 1998 1
1999 2001 1
1998 2001 2
2006 2005 1
2004 2005 2
2004 2006 2
2006 2004 1
2005 2002 1
2004 2002 2
2005 2003 1
2004 2003 2
2028 2030 2
2030 2029 1
2028 2029 2
2009 2009 1
2010 2008 1
2009 2008 1
2012 2007 1
2011 2007 1
2010 2007 1
2009 2007 1
2037 2036 1
2036 2038 1
2037 2038 1
2041 2038 1
2042 2038 2
2038 2039 1
2036 2039 1
2037 2039 1
2041 2039 1
2037 2032 1
2041 2040 1
2032 2031 1
2041 2034 1
2036 2034 1
2037 2034 1
2036 2042 1
2037 2042 1
2038 2033 1
2042 2033 2
2038 2035 1
2041 2035 1
2042 2035 2
2045 2044 1
2043 2044 2
2045 2043 1
2046 2049 2
2048 2047 1
2046 2047 2
2048 2046 1
2051 2050 1
2052 2050 1
2056 2055 1
2054 2055 2
2055 2074 1
2061 2074 1
2054 2074 2
2055 2069 1
2054 2069 2
2055 2066 1
2069 2066 1
2068 2066 1
2054 2066 2
2066 2063 1
2065 2063 1
2064 2063 2
2055 2072 1
2073 2072 2
2055 2070 1
2073 2070 2
2055 2071 1
2064 2071 2
2059 2057 1
2058 2057 2
2061 2061 1
2054 2056 2
2075 2053 1
2054 2053 2
2068 2065 1
2055 2065 1
2054 2065 2
2065 2062 1
2054 2062 2
2071 2059 1
2070 2059 1
2072 2059 1
2069 2059 1
2068 2059 1
2061 2059 1
2067 2059 2
2061 2060 1
2056 2054 1
2061 2054 1
2066 2064 1
2065 2064 1
2054 2064 2
2074 2073 1
2064 2073 2
2071 2067 1
2070 2067 1
2072 2067 1
2069 2067 1
2068 2067 1
2059 2058 1
2067 2058 2
2080 2079 1
2077 2079 2
2077 2080 2
2077 2081 2
2082 2082 1
2079 2082 1
2077 2082 2
2081 2077 1
2080 2077 1
2082 2076 1
2077 2076 2
2079 2078 1
2077 2078 2
2086 2087 2
2087 2086 1
2088 2086 1
2083 2084 2
2084 2083 1
2085 2083 1
2134 2138 2
2135 2146 2
2146 2140 1
2137 2140 2
2148 2141 1
2137 2141 2
2140 2139 1
2137 2139 2
2141 2147 1
2137 2147 2
2138 2148 1
2137 2148 2
2142 2134 1
2142 2135 1
2138 2137 1
2146 2137 1
2144 2143 1
2147 2143 1
2146 2143 1
2145 2136 1
2139 2136 1
2138 2136 1
2100 2091 2
2093 2098 2
2098 2101 1
2090 2101 2
2103 2102 1
2090 2102 2
2101 2092 1
2090 2092 2
2102 2099 1
2090 2099 2
2091 2103 1
2090 2103 2
2094 2100 1
2094 2093 1
2098 2090 1
2091 2090 1
2096 2095 1
2099 2095 1
2098 2095 1
2097 2089 1
2092 2089 1
2091 2089 1
2153 2151 2
2156 2161 2
2161 2154 1
2150 2154 2
2163 2155 1
2150 2155 2
2154 2152 1
2150 2152 2
2155 2162 1
2150 2162 2
2151 2163 1
2150 2163 2
2157 2153 1
2157 2156 1
2161 2150 1
2151 2150 1
2162 2158 1
2161 2158 1
2159 2158 1
2152 2149 1
2151 2149 1
2160 2149 1
2105 2108 2
2104 2114 2
2114 2116 1
2107 2116 2
2118 2117 1
2107 2117 2
2116 2109 1
2107 2109 2
2117 2115 1
2107 2115 2
2108 2118 1
2107 2118 2
2110 2105 1
2110 2104 1
2114 2107 1
2108 2107 1
2115 2111 1
2114 2111 1
2112 2111 1
2113 2106 1
2109 2106 1
2108 2106 1
2130 2121 2
2123 2128 2
2128 2131 1
2120 2131 2
2133 2132 1
2120 2132 2
2131 2122 1
2120 2122 2
2132 2129 1
2120 2129 2
2121 2133 1
2120 2133 2
2124 2130 1
2124 2123 1
2121 2120 1
2128 2120 1
2126 2125 1
2129 2125 1
2128 2125 1
2122 2119 1
2121 2119 1
2127 2119 1
2171 2170 1
2169 2170 2
2170 2177 1
2187 2177 1
2178 2177 1
2169 2177 2
2177 2176 1
2178 2176 1
2180 2176 1
2179 2176 2
2176 2175 1
2178 2175 1
2164 2175 2
2172 2168 1
2167 2168 2
2185 2183 1
2188 2183 1
2167 2183 2
2183 2181 1
2167 2181 2
2181 2184 1
2183 2184 1
2185 2184 1
2189 2184 1
2173 2184 2
2184 2182 1
2185 2182 1
2165 2182 2
2166 2166 1
2187 2187 1
2187 2180 1
2178 2180 1
2169 2171 2
2175 2186 1
2176 2186 1
2178 2186 1
2187 2174 1
2175 2174 1
2176 2174 1
2178 2174 1
2167 2172 2
2187 2188 1
2175 2188 1
2176 2188 1
2178 2188 1
2168 2188 1
2167 2188 2
2175 2189 1
2176 2189 1
2178 2189 1
2187 2189 1
2174 2189 1
2173 2189 2
2180 2179 1
2171 2169 1
2180 2169 1
2179 2169 2
2166 2164 1
2174 2173 1
2174 2167 1
2172 2167 1
2173 2167 2
2166 2165 1
2257 2255 1
2253 2255 2
2269 2268 1
2266 2268 2
2258 2256 1
2254 2256 2
2260 2264 1
2256 2264 1
2267 2264 2
2264 2252 1
2267 2252 2
2256 2259 1
2267 2259 2
2259 2265 1
2260 2265 1
2262 2262 1
2253 2257 2
2268 2263 1
2269 2263 1
2254 2258 2
2262 2261 1
2257 2253 1
2255 2266 1
2253 2266 2
2258 2254 1
2256 2267 1
2254 2267 2
2241 2243 2
2243 2242 1
2241 2242 2
2245 2244 1
2247 2246 1
2249 2248 1
2251 2250 1
2300 2299 1
2298 2299 2
2298 2300 2
2303 2302 1
2301 2302 1
2300 2298 1
2303 2298 1
2299 2297 1
2298 2297 2
2316 2320 1
2315 2320 2
2318 2319 1
2315 2316 2
2318 2317 1
2316 2315 1
2318 2315 1
2328 2329 1
2327 2329 2
2333 2332 1
2322 2332 1
2323 2332 2
2322 2334 1
2323 2334 2
2327 2328 2
2330 2331 1
2323 2324 2
2333 2321 1
2323 2321 2
2321 2322 1
2323 2322 2
2326 2325 1
2328 2327 1
2324 2323 1
2330 2323 1
2335 2337 1
2336 2337 2
2335 2338 1
2338 2336 1
2364 2365 2
2364 2366 2
2366 2364 1
2365 2364 1
2365 2363 1
2364 2363 2
2360 2361 2
2360 2362 2
2362 2360 1
2361 2360 1
2368 2371 1
2367 2371 2
2369 2370 1
2367 2368 2
2368 2367 1
2369 2367 1
2380 2380 1
2380 2377 1
2377 2378 1
2380 2378 1
2378 2381 1
2380 2379 1
2375 2374 1
2373 2374 2
2374 2376 1
2373 2376 2
2373 2375 2
2374 2372 1
2373 2372 2
2375 2373 1
1415 1407 1
1415 1408 1
1406 1408 2
1413 1412 1
1411 1412 2
1416 1416 1
1411 1413 2
1415 1410 1
1411 1410 2
1416 1417 1
1409 1405 1
1407 1406 1
1416 1414 1
1415 1414 1
1406 1414 2
1413 1411 1
1410 1411 1
1432 1429 1
1432 1431 1
1430 1428 1
2347 2344 2
2347 2345 2
2353 2352 1
2351 2352 2
2343 2346 2
2345 2356 1
2344 2356 1
2343 2356 2
2351 2353 2
2358 2357 1
2351 2357 2
2354 2359 2
2349 2348 1
2343 2347 2
2356 2342 1
2343 2342 2
2355 2340 1
2343 2340 2
2355 2339 1
2357 2351 1
2353 2351 1
2352 2350 1
2358 2350 1
2351 2350 2
2355 2341 1
2341 2354 2
2387 2386 1
2385 2386 2
2382 2390 1
2385 2390 2
2384 2388 1
2388 2388 1
2383 2388 2
2388 2389 1
2383 2389 2
2385 2387 2
2384 2382 1
2386 2382 1
2385 2382 2
2384 2383 1
2388 2385 1
2387 2385 1
2384 2385 1
2383 2385 2
2391 2393 1
2393 2392 1
2394 2396 1
2395 2394 1
2022 2021 1
2020 2021 2
2025 2024 1
2023 2024 2
2020 2022 2
2027 2027 1
2026 2027 1
2020 2027 2
2021 2013 1
2026 2013 1
2020 2013 2
2013 2014 1
2027 2014 1
2020 2014 2
2017 2016 1
2014 2016 1
2020 2016 2
2023 2025 2
2022 2020 1
2027 2020 1
2016 2015 1
2020 2015 2
2016 2019 1
2020 2019 2
2014 2023 1
2025 2023 1
2020 2023 2
2024 2018 1
2013 2018 1
2016 2018 1
2023 2018 2
2199 2198 1
2191 2193 2
2195 2195 1
2195 2196 1
2194 2190 1
2192 2191 1
2195 2197 1
2191 2197 2
2201 2200 1
2240 2238 1
2239 2236 1
2238 2237 1
2227 2226 1
2227 2224 1
2224 2223 1
2226 2225 1
2214 2206 1
2208 2212 1
2204 2212 2
2209 2213 1
2203 2213 2
2213 2211 1
2212 2211 1
2214 2211 1
2214 2208 1
2204 2208 2
2214 2209 1
2203 2209 2
2207 2202 1
2214 2210 1
2206 2205 1
2206 2204 1
2205 2204 2
2206 2203 1
2204 2203 2
2235 2230 1
2232 2234 1
2235 2232 1
2231 2228 1
2235 2233 1
2230 2229 1
1656 1655 1
1654 1655 2
1655 1659 1
1654 1659 2
1657 1657 1
1657 1658 1
1654 1656 2
1656 1654 1
1657 1654 1
1666 1680 2
1663 1681 2
1665 1682 2
1674 1673 1
1672 1673 2
1686 1683 2
1677 1676 1
1675 1676 2
1662 1661 1
1660 1661 2
1690 1692 1
1672 1692 2
1679 1684 2
1667 1685 2
1663 1669 2
1665 1670 2
1670 1671 1
1665 1671 2
1671 1688 1
1670 1688 1
1665 1688 2
1667 1668 2
1668 1678 1
1678 1678 1
1667 1678 2
1678 1691 1
1667 1691 2
1672 1674 2
1672 1687 2
1668 1690 1
1673 1690 1
1672 1690 2
1690 1662 1
1689 1662 2
1675 1677 2
1664 1666 2
1666 1663 2
1663 1665 2
1665 1667 2
1678 1672 1
1674 1672 1
1667 1672 2
1687 1686 1
1672 1686 2
1690 1689 1
1672 1689 2
1677 1675 1
1673 1675 1
1689 1675 2
1691 1660 1
1662 1660 1
1676 1660 1
1675 1660 2
1683 1679 1
1667 1679 2
1693 1694 2
1819 1820 2
2275 2274 1
2273 2274 2
2283 2282 1
2273 2282 2
2290 2285 1
2287 2285 2
2282 2281 1
2283 2281 1
2273 2281 2
2290 2286 1
2288 2286 2
2274 2291 1
2280 2291 2
2280 2292 2
2291 2289 1
2280 2289 2
2293 2295 1
2272 2271 1
2270 2271 2
2277 2276 1
2270 2276 2
2276 2296 1
2286 2296 1
2285 2296 1
2284 2296 1
2270 2296 2
2273 2275 2
2293 2278 1
2273 2278 2
2289 2294 1
2290 2294 1
2270 2272 2
2289 2277 1
2290 2277 1
2270 2277 2
2278 2273 1
2275 2273 1
2282 2279 1
2283 2279 1
2273 2279 2
2284 2287 1
2290 2287 1
2279 2287 2
2281 2280 1
2282 2280 1
2283 2280 1
2273 2280 2
2285 2288 1
2284 2288 1
2290 2288 1
2280 2288 2
2289 2270 1
2290 2270 1
2272 2270 1
2311 2310 1
2308 2310 2
2308 2311 2
2313 2312 1
2308 2312 2
2304 2314 1
2306 2305 1
2312 2308 1
2311 2308 1
2312 2309 1
2310 2309 1
2308 2309 2
2313 2307 1
2310 2307 1
2308 2307 2
1434 1433 2
1419 1418 1
1402 1393 1
1402 1394 1
1392 1394 2
1400 1399 1
1398 1399 2
1403 1403 1
1402 1397 1
1398 1400 2
1402 1396 1
1398 1396 2
1403 1404 1
1395 1391 1
1393 1392 1
1403 1401 1
1402 1401 1
1392 1401 2
1396 1398 1
1400 1398 1
1427 1421 1
1423 1426 1
1426 1425 1
1427 1425 1
1427 1423 1
1422 1420 1
1427 1424 1
2218 2217 1
2220 2217 2
2217 2216 1
2218 2216 1
2220 2216 2
2221 2222 1
2220 2222 2
2219 2219 1
2221 2220 1
2219 2220 1
2217 2215 1
2218 2215 1
2220 2215 2
1653 1646 1
1652 1646 2
1643 1638 1
1642 1638 2
1641 1647 1
1650 1647 2
1651 1639 1
1650 1639 2
1646 1651 1
1648 1651 1
1638 1641 1
1640 1641 1
1653 1652 1
1643 1642 1
1638 1637 1
1640 1637 1
1646 1644 1
1648 1644 1
1637 1644 2
1646 1645 1
1648 1645 1
1637 1645 2
1651 1649 1
1641 1649 1
1651 1650 1
1641 1650 1
1649 1650 2
1626 1622 2
1627 1624 1
1626 1624 2
1626 1623 2
1630 1629 1
1628 1629 2
1636 1625 1
1629 1625 1
1628 1625 2
1623 1633 1
1624 1633 1
1635 1632 1
1634 1632 2
1631 1631 1
1623 1631 1
1624 1631 1
1636 1630 1
1628 1630 2
1633 1635 1
1627 1626 1
1630 1628 1
1631 1628 1
1631 1634 1
1635 1634 1
? 1 1 1

7 9 1
8 9 2
0 1 1
1 2 1
4 5 2
5 6 1
4 6 2
8 7 2
6 10 1
9 10 1
8 10 2
3 4 1
6 8 1
7 8 1
4 8 2
? 0 0 0

0 4 1
1 4 2
0 6 1
5 6 2
6 8 1
7 8 2
0 2 1
1 2 2
1 9 2
0 1 1
2 3 1
1 3 2
4 5 1
1 5 2
6 7 1
5 7 2
9 10 1
6 10 1
4 10 1
1 10 2
6 11 1
4 11 1
1 11 2
13 14 2
15 16 2
16 18 1
17 18 2
12 13 2
13 15 2
16 17 1
15 17 2
29 31 1
30 31 2
35 37 1
36 37 2
37 38 1
19 38 1
27 38 1
36 38 2
39 41 1
40 41 2
21 23 1
22 23 2
22 24 2
23 25 1
22 25 2
23 27 1
26 27 2
30 29 2
25 32 1
31 32 1
30 32 2
27 34 1
28 34 2
36 35 2
40 39 2
41 42 1
25 42 1
40 42 2
19 45 1
44 45 2
44 46 2
48 49 2
45 51 1
44 51 2
21 22 1
25 26 1
22 26 2
27 28 1
26 28 2
29 30 1
25 30 1
28 30 2
32 33 1
30 33 2
35 36 1
27 36 1
28 36 2
39 40 1
25 40 1
28 40 2
42 43 1
40 43 2
20 44 1
46 47 1
44 47 2
47 48 2
49 50 1
48 50 2
52 54 1
54 56 1
56 58 1
57 58 2
58 60 1
59 60 2
60 61 1
59 61 2
54 63 1
63 64 1
64 65 1
52 53 1
54 55 1
56 57 1
58 59 1
57 59 2
54 62 1
? 1 1 1

